104	0.0	58.49	156817	151368
8 7 50
 
0
	0 (12): 0 25 36 37 15 33 0 
	1 (0): 
	2 (0): 
	3 (0): 
	4 (0): 
	5 (0): 
	6 (0): 
1
	0 (0): 
	1 (0): 
	2 (0): 
	3 (0): 
	4 (0): 
	5 (0): 
	6 (0): 
2
	0 (0): 
	1 (0): 
	2 (0): 
	3 (0): 
	4 (0): 
	5 (0): 
	6 (23): 0 44 27 34 28 31 21 42 24 49 12 0 
3
	0 (0): 
	1 (0): 
	2 (0): 
	3 (0): 
	4 (0): 
	5 (21): 0 10 41 48 13 14 38 16 35 30 9 32 0 
	6 (0): 
4
	0 (0): 
	1 (0): 
	2 (0): 
	3 (0): 
	4 (0): 
	5 (2): 0 8 0 
	6 (0): 
5
	0 (0): 
	1 (0): 
	2 (0): 
	3 (0): 
	4 (0): 
	5 (0): 
	6 (0): 
6
	0 (0): 
	1 (0): 
	2 (2): 0 11 0 
	3 (0): 
	4 (0): 
	5 (0): 
	6 (0): 
7
	0 (0): 
	1 (12): 0 6 40 4 20 22 26 0 
	2 (0): 
	3 (17): 0 29 2 18 23 39 43 1 45 0 
	4 (0): 
	5 (2): 0 47 0 
	6 (13): 0 46 5 3 19 17 7 0 
