444	0.013513513513512874	10808.52	576991	571242
2 7 200
 
0
	0 (27): 0 60 195 161 84 38 3 12 153 33 50 46 107 198 0 
	1 (29): 0 119 25 73 19 192 122 110 140 173 13 87 16 70 28 0 
	2 (33): 0 172 175 94 194 15 163 29 40 169 121 179 157 17 11 0 
	3 (26): 0 103 180 134 99 115 85 36 120 123 131 162 0 
	4 (45): 0 52 138 71 49 188 151 181 68 1 167 55 74 67 53 43 22 75 0 
	5 (28): 0 139 54 145 168 9 32 7 59 26 158 27 69 0 
	6 (34): 0 136 137 90 183 39 104 78 125 101 133 2 185 176 0 
1
	0 (37): 0 91 30 114 174 35 111 37 113 128 47 96 102 190 144 98 0 
	1 (30): 0 89 193 5 187 64 191 88 56 177 164 106 135 93 149 117 0 
	2 (33): 0 42 14 76 66 159 97 48 20 132 170 95 62 63 8 189 0 
	3 (29): 0 34 21 10 130 196 61 44 108 165 199 100 142 0 
	4 (31): 0 57 146 150 65 18 127 178 124 105 80 45 77 147 4 0 
	5 (30): 0 116 166 118 83 171 160 143 186 126 58 81 92 182 82 0 
	6 (32): 0 109 148 154 79 6 23 72 129 24 51 41 184 156 141 0 
