450	0.0	1839.36	2884159	2856210
10 7 200
 
0
	0 (21): 0 127 85 153 80 12 162 191 133 91 0 
	1 (6): 0 29 9 0 
	2 (7): 0 3 102 2 110 0 
	3 (2): 0 11 0 
	4 (4): 0 167 93 0 
	5 (4): 0 23 168 0 
	6 (4): 0 177 28 0 
1
	0 (7): 0 163 121 101 0 
	1 (12): 0 169 148 65 137 0 
	2 (9): 0 10 50 154 141 0 
	3 (11): 0 125 6 192 175 54 0 
	4 (8): 0 106 187 97 90 0 
	5 (6): 0 100 22 0 
	6 (8): 0 195 134 145 7 0 
2
	0 (5): 0 89 57 0 
	1 (8): 0 165 132 170 0 
	2 (2): 0 108 0 
	3 (3): 0 138 0 
	4 (12): 0 158 96 184 182 120 0 
	5 (2): 0 58 0 
	6 (9): 0 190 104 88 0 
3
	0 (8): 0 84 39 66 0 
	1 (3): 0 86 46 0 
	2 (6): 0 67 176 0 
	3 (4): 0 95 171 0 
	4 (13): 0 118 32 105 150 53 0 
	5 (2): 0 21 0 
	6 (3): 0 189 41 0 
4
	0 (5): 0 48 15 116 0 
	1 (3): 0 139 0 
	2 (7): 0 74 119 180 0 
	3 (1): 0 31 0 
	4 (5): 0 159 72 0 
	5 (9): 0 30 174 4 56 0 
	6 (4): 0 42 123 0 
5
	0 (3): 0 37 0 
	1 (5): 0 17 183 0 
	2 (6): 0 40 130 111 0 
	3 (6): 0 144 124 0 
	4 (2): 0 63 24 0 
	5 (7): 0 73 62 70 173 0 
	6 (3): 0 19 92 0 
6
	0 (8): 0 128 179 47 13 78 0 
	1 (6): 0 45 33 151 0 
	2 (11): 0 178 94 44 81 55 0 
	3 (6): 0 25 60 0 
	4 (11): 0 112 147 146 161 160 0 
	5 (4): 0 38 98 0 
	6 (10): 0 188 36 114 166 0 
7
	0 (4): 0 103 156 0 
	1 (5): 0 136 8 0 
	2 (7): 0 26 61 185 0 
	3 (6): 0 109 79 107 0 
	4 (12): 0 16 68 77 194 43 0 
	5 (5): 0 142 117 0 
	6 (6): 0 34 113 0 
8
	0 (4): 0 135 129 0 
	1 (5): 0 131 157 0 
	2 (11): 0 140 122 115 20 0 
	3 (6): 0 99 27 0 
	4 (7): 0 83 14 181 5 0 
	5 (11): 0 49 52 155 186 193 0 
	6 (8): 0 149 75 69 76 0 
9
	0 (4): 0 87 82 0 
	1 (6): 0 71 64 0 
	2 (11): 0 164 198 51 35 0 
	3 (6): 0 196 59 0 
	4 (6): 0 18 152 197 143 0 
	5 (5): 0 199 172 0 
	6 (4): 0 126 1 0 
