104	0.0	37.68	98029	94605
5 7 50
 
0
	0 (0): 
	1 (0): 
	2 (5): 0 46 41 44 0 
	3 (6): 0 22 38 40 0 
	4 (0): 
	5 (0): 
	6 (2): 0 35 0 
1
	0 (0): 
	1 (0): 
	2 (0): 
	3 (0): 
	4 (0): 
	5 (0): 
	6 (27): 0 33 47 12 6 49 20 48 37 4 17 31 11 34 0 
2
	0 (13): 0 26 10 45 7 27 15 0 
	1 (0): 
	2 (0): 
	3 (0): 
	4 (0): 
	5 (0): 
	6 (16): 0 8 5 42 9 39 28 0 
3
	0 (0): 
	1 (0): 
	2 (11): 0 29 1 13 25 23 0 
	3 (0): 
	4 (2): 0 16 0 
	5 (0): 
	6 (0): 
4
	0 (0): 
	1 (0): 
	2 (0): 
	3 (0): 
	4 (4): 0 36 14 0 
	5 (0): 
	6 (18): 0 2 24 18 32 21 30 19 43 3 0 
