764	0.5405759162303665	10813.86	14070974	14056042
2 7 1000
 
0
	0  (54): 0 441 213 25 381 965 789 972 433 593 36 463 827 320 564 726 416 568 370 380 1000 
	1  (56): 0 391 164 147 140 918 130 583 229 144 774 453 520 6 716 61 728 223 714 545 98 408 1000 
	2  (52): 0 424 57 609 499 51 383 876 28 313 538 94 217 690 366 530 336 56 90 1000 
	3  (50): 0 692 680 87 630 88 442 418 298 602 894 221 212 753 562 234 487 833 608 1000 
	4  (54): 0 822 266 863 834 597 994 100 138 184 439 548 399 691 748 914 775 393 560 923 286 951 1000 
	5  (57): 0 310 43 887 198 305 275 829 847 660 472 649 427 49 930 414 579 265 731 601 628 815 1000 
	6  (55): 0 656 529 653 382 475 535 231 64 749 68 387 939 678 657 634 511 969 869 341 1000 
1
	0  (63): 0 9 102 975 751 125 767 521 243 175 920 865 283 196 479 675 859 810 143 483 471 638 780 1000 
	1  (50): 0 172 293 964 271 214 596 893 329 253 898 542 890 497 553 465 39 991 145 1000 
	2  (59): 0 422 226 59 176 527 735 581 447 186 97 637 565 137 220 773 528 563 201 837 544 280 1000 
	3  (52): 0 885 148 114 572 779 462 245 42 977 303 763 650 99 743 81 640 182 27 613 386 1000 
	4  (59): 0 22 347 314 113 60 570 237 510 606 101 29 327 195 746 571 698 550 345 261 997 1000 
	5  (51): 0 157 699 803 191 909 302 136 620 76 532 725 297 53 740 798 976 458 244 1000 
	6  (52): 0 830 306 824 580 142 818 551 134 723 852 695 573 349 974 734 832 187 687 62 109 1000 
