447	0.006711409395973154	232.22	1435132	1428105
5 7 200
 
0
	0  (3): 0 153 93 200 
	1  (17): 0 81 30 12 143 175 168 40 172 200 
	2  (12): 0 44 43 192 167 169 200 
	3  (10): 0 105 126 115 157 200 
	4  (13): 0 125 9 34 156 144 200 
	5  (24): 0 52 85 63 36 87 47 160 132 107 137 200 
	6  (21): 0 142 37 55 117 149 130 86 39 188 200 
1
	0  (7): 0 26 97 20 200 
	1  (10): 0 151 191 150 146 200 
	2  (1): 0 1 200 
	3  (9): 0 116 184 100 145 200 
	4  (14): 0 7 111 113 3 58 140 200 
	5  (4): 0 16 98 200 
	6  (9): 0 181 94 118 200 
2
	0  (28): 0 24 76 83 123 138 8 61 101 45 165 102 131 66 200 
	1  (22): 0 23 112 134 194 22 32 46 196 147 200 
	2  (12): 0 38 171 109 64 180 200 
	3  (6): 0 197 135 91 5 200 
	4  (4): 0 13 28 200 
	5  (8): 0 163 67 74 200 
	6  (17): 0 27 56 155 42 92 89 176 33 200 
3
	0  (11): 0 54 90 88 187 148 200 
	1  (12): 0 79 195 110 25 77 200 
	2  (2): 0 70 200 
	3  (11): 0 104 114 11 53 200 
	4  (11): 0 2 182 186 29 6 200 
	5  (8): 0 4 15 69 120 200 
	6  (2): 0 159 200 
4
	0  (31): 0 199 19 49 124 127 177 95 185 164 14 198 189 68 200 
	1  (12): 0 31 82 57 17 158 200 
	2  (13): 0 133 80 161 179 59 190 200 
	3  (21): 0 50 18 71 122 193 73 152 141 103 136 200 
	4  (26): 0 162 10 65 173 108 62 139 121 96 35 99 200 
	5  (20): 0 21 129 154 178 183 106 170 41 166 174 200 
	6  (16): 0 72 60 51 128 84 119 200 
