0	inf	10884.25	70350862	70280210
10 7 1000
 
0
	0  (0): 0 1000 
	1  (0): 0 1000 
	2  (0): 0 1000 
	3  (0): 0 1000 
	4  (0): 0 1000 
	5  (0): 0 1000 
	6  (0): 0 1000 
1
	0  (0): 0 1000 
	1  (0): 0 1000 
	2  (0): 0 1000 
	3  (0): 0 1000 
	4  (0): 0 1000 
	5  (0): 0 1000 
	6  (0): 0 1000 
2
	0  (0): 0 1000 
	1  (0): 0 1000 
	2  (0): 0 1000 
	3  (0): 0 1000 
	4  (0): 0 1000 
	5  (0): 0 1000 
	6  (0): 0 1000 
3
	0  (0): 0 1000 
	1  (0): 0 1000 
	2  (0): 0 1000 
	3  (0): 0 1000 
	4  (0): 0 1000 
	5  (0): 0 1000 
	6  (0): 0 1000 
4
	0  (0): 0 1000 
	1  (0): 0 1000 
	2  (0): 0 1000 
	3  (0): 0 1000 
	4  (0): 0 1000 
	5  (0): 0 1000 
	6  (0): 0 1000 
5
	0  (0): 0 1000 
	1  (0): 0 1000 
	2  (0): 0 1000 
	3  (0): 0 1000 
	4  (0): 0 1000 
	5  (0): 0 1000 
	6  (0): 0 1000 
6
	0  (0): 0 1000 
	1  (0): 0 1000 
	2  (0): 0 1000 
	3  (0): 0 1000 
	4  (0): 0 1000 
	5  (0): 0 1000 
	6  (0): 0 1000 
7
	0  (0): 0 1000 
	1  (0): 0 1000 
	2  (0): 0 1000 
	3  (0): 0 1000 
	4  (0): 0 1000 
	5  (0): 0 1000 
	6  (0): 0 1000 
8
	0  (0): 0 1000 
	1  (0): 0 1000 
	2  (0): 0 1000 
	3  (0): 0 1000 
	4  (0): 0 1000 
	5  (0): 0 1000 
	6  (0): 0 1000 
9
	0  (0): 0 1000 
	1  (0): 0 1000 
	2  (0): 0 1000 
	3  (0): 0 1000 
	4  (0): 0 1000 
	5  (0): 0 1000 
	6  (0): 0 1000 
