447	0.0067114093959679405	972.56	1442179	1428105
5 7 200
 
0
	0 (31): 0 43 24 172 179 11 70 30 136 69 135 23 80 36 119 0 
	1 (30): 0 186 149 84 99 164 107 102 141 188 199 114 89 22 0 
	2 (11): 0 3 173 166 48 157 13 0 
	3 (25): 0 1 65 54 194 142 155 131 5 42 146 37 115 0 
	4 (15): 0 130 34 160 143 41 104 0 
	5 (19): 0 123 8 28 125 140 4 83 174 47 91 0 
	6 (17): 0 121 118 162 151 17 77 0 
1
	0 (19): 0 15 20 134 167 184 56 72 0 
	1 (20): 0 85 53 50 67 126 86 61 88 0 
	2 (15): 0 168 38 145 51 177 105 44 25 0 
	3 (15): 0 39 97 40 29 176 170 0 
	4 (18): 0 111 171 182 57 112 21 52 187 79 0 
	5 (11): 0 103 46 59 10 2 0 
	6 (21): 0 6 90 181 32 147 45 71 108 0 
2
	0 (18): 0 101 18 144 190 139 95 106 0 
	1 (19): 0 7 49 66 33 35 150 117 19 58 0 
	2 (17): 0 74 153 152 60 154 197 161 98 0 
	3 (24): 0 110 180 16 93 87 196 195 92 148 100 191 0 
	4 (10): 0 165 64 26 137 0 
	5 (13): 0 138 163 156 63 120 192 129 0 
	6 (10): 0 169 27 73 175 0 
3
	0 (0): 
	1 (0): 
	2 (0): 
	3 (0): 
	4 (0): 
	5 (0): 
	6 (0): 
4
	0 (12): 0 78 132 12 94 127 0 
	1 (11): 0 158 75 122 159 116 0 
	2 (4): 0 31 76 0 
	3 (8): 0 185 62 14 96 0 
	4 (15): 0 82 193 55 109 198 128 0 
	5 (8): 0 189 68 9 0 
	6 (11): 0 183 81 133 124 178 0 
