104	0.0	7.46	96232	94605
5 7 50
 
0
	0  (0): 0 50 
	1  (4): 0 5 7 50 
	2  (2): 0 47 50 
	3  (1): 0 33 50 
	4  (2): 0 6 50 
	5  (0): 0 50 
	6  (2): 0 26 50 
1
	0  (3): 0 13 2 4 50 
	1  (4): 0 14 23 50 
	2  (3): 0 9 50 
	3  (3): 0 36 50 
	4  (2): 0 12 50 
	5  (4): 0 32 40 50 
	6  (3): 0 48 15 50 
2
	0  (6): 0 20 49 50 
	1  (4): 0 38 45 50 
	2  (3): 0 28 50 
	3  (3): 0 29 50 
	4  (3): 0 27 50 
	5  (3): 0 30 50 
	6  (2): 0 16 50 
3
	0  (8): 0 17 11 22 50 
	1  (3): 0 34 50 
	2  (3): 0 25 50 
	3  (3): 0 31 10 50 
	4  (4): 0 35 3 50 
	5  (5): 0 39 8 50 
	6  (1): 0 24 50 
	7  (3): 0 44 1 50 
4
	0  (2): 0 21 50 
	1  (2): 0 43 50 
	2  (2): 0 46 50 
	3  (2): 0 18 50 
	4  (1): 0 41 50 
	5  (8): 0 19 37 42 50 
