449	0.0022271714922041403	659.93	2870062	2856210
10 7 200
 
0
	0  (3): 0 128 200 
	1  (6): 0 13 131 151 200 
	2  (2): 0 89 200 
	3  (2): 0 43 200 
	4  (5): 0 130 21 200 
	5  (8): 0 75 167 174 62 200 
	6  (5): 0 46 29 200 
1
	0  (2): 0 3 200 
	1  (2): 0 129 200 
	2  (2): 0 58 200 
	3  (2): 0 120 200 
	4  (10): 0 7 18 104 87 152 200 
	5  (7): 0 105 187 178 169 200 
	6  (4): 0 171 79 200 
2
	0  (2): 0 11 200 
	1  (10): 0 16 97 73 115 57 200 
	2  (10): 0 48 50 63 80 148 82 200 
	3  (9): 0 66 147 64 200 
	4  (4): 0 93 170 200 
	5  (5): 0 153 37 200 
	6  (2): 0 180 200 
3
	0  (5): 0 113 70 200 
	1  (2): 0 10 200 
	2  (5): 0 47 78 44 200 
	3  (3): 0 68 200 
	4  (5): 0 146 17 200 
	5  (9): 0 195 90 122 200 
	6  (14): 0 132 162 34 5 27 200 
4
	0  (3): 0 194 149 200 
	1  (13): 0 158 41 140 72 197 6 200 
	2  (10): 0 121 55 96 109 200 
	3  (1): 0 193 200 
	4  (7): 0 40 191 184 200 
	5  (11): 0 198 35 164 114 200 
	6  (4): 0 189 134 200 
5
	0  (3): 0 42 200 
	1  (9): 0 85 117 145 144 200 
	2  (2): 0 108 200 
	3  (11): 0 99 123 45 77 188 200 
	4  (7): 0 160 4 94 200 
	5  (8): 0 124 98 102 200 
	6  (11): 0 116 100 20 67 200 
	7  (5): 0 168 71 83 200 
6
	0  (5): 0 39 61 200 
	1  (2): 0 165 200 
	2  (6): 0 154 53 200 
	3  (3): 0 32 200 
	4  (17): 0 2 101 192 175 14 15 173 8 179 200 
	5  (15): 0 56 81 106 84 88 136 200 
	6  (5): 0 142 199 200 
7
	0  (2): 0 163 200 
	1  (11): 0 36 166 155 59 95 200 
	2  (5): 0 54 119 141 200 
	3  (5): 0 125 26 200 
	4  (6): 0 143 150 111 200 
	5  (12): 0 137 30 118 49 200 
	6  (16): 0 157 103 183 76 177 28 156 200 
8
	0  (5): 0 12 69 200 
	1  (14): 0 23 127 1 91 65 92 159 200 
	2  (11): 0 135 185 60 190 200 
	3  (7): 0 52 112 33 182 200 
	4  (10): 0 24 74 176 133 200 
	5  (3): 0 22 200 
	6  (3): 0 138 200 
	7  (7): 0 172 31 126 200 
	8  (4): 0 110 51 200 
	9  (3): 0 139 200 
9
	0  (8): 0 19 196 9 200 
	1  (3): 0 181 200 
	2  (11): 0 186 38 107 25 161 200 
