448	0.004464285714285714	458.2	2296090	2284968
8 7 200
 
0
	0  (8): 0 128 97 186 200 
	1  (6): 0 169 20 200 
	2  (18): 0 37 47 199 41 142 166 159 27 200 
	3  (8): 0 147 22 98 200 
	4  (6): 0 189 2 139 200 
	5  (6): 0 177 84 56 200 
	6  (7): 0 188 116 126 200 
1
	0  (5): 0 106 49 200 
	1  (6): 0 144 52 200 
	2  (5): 0 127 87 200 
	3  (10): 0 145 132 70 82 153 200 
	4  (6): 0 146 123 25 200 
	5  (2): 0 156 187 200 
	6  (10): 0 48 62 75 137 74 200 
2
	0  (7): 0 67 107 191 200 
	1  (4): 0 35 182 200 
	2  (15): 0 161 61 33 89 195 163 150 178 200 
	3  (2): 0 11 200 
	4  (5): 0 5 100 200 
	5  (9): 0 176 80 119 154 200 
	6  (8): 0 93 73 136 103 200 
	7  (12): 0 168 135 162 151 23 200 
3
	0  (3): 0 28 200 
	1  (9): 0 194 185 13 109 200 
	2  (9): 0 69 12 68 1 200 
	3  (3): 0 172 200 
	4  (5): 0 50 42 200 
	5  (18): 0 15 175 130 24 131 38 129 118 200 
	6  (7): 0 40 53 34 200 
	7  (3): 0 180 63 200 
4
	0  (8): 0 57 134 30 200 
	1  (5): 0 171 160 200 
	2  (10): 0 148 181 155 158 200 
	3  (7): 0 192 102 19 200 
	4  (6): 0 81 31 167 200 
	5  (3): 0 99 200 
	6  (14): 0 66 79 4 141 115 193 76 200 
5
	0  (13): 0 105 88 8 16 54 9 200 
	1  (3): 0 133 200 
	2  (3): 0 65 200 
	3  (14): 0 32 152 14 157 140 36 200 
	4  (11): 0 83 173 114 124 108 200 
	5  (11): 0 72 71 17 95 200 
	6  (8): 0 170 198 44 200 
6
	0  (29): 0 184 91 179 112 86 58 90 101 190 196 197 149 122 138 200 
	1  (5): 0 10 125 200 
	2  (10): 0 111 143 64 51 200 
	3  (15): 0 3 117 77 94 39 165 200 
	4  (8): 0 6 29 59 200 
	5  (7): 0 43 21 104 200 
	6  (9): 0 120 60 92 55 200 
7
	0  (11): 0 113 45 110 85 26 200 
	1  (3): 0 7 78 200 
	2  (2): 0 121 200 
	3  (7): 0 96 46 164 200 
	4  (4): 0 174 18 200 
