0	inf	10868.42	35175932	35140105
5 7 1000
 
0
	0  (0): 0 1000 
	1  (0): 0 1000 
	2  (0): 0 1000 
	3  (0): 0 1000 
	4  (0): 0 1000 
	5  (0): 0 1000 
	6  (0): 0 1000 
1
	0  (0): 0 1000 
	1  (0): 0 1000 
	2  (0): 0 1000 
	3  (0): 0 1000 
	4  (0): 0 1000 
	5  (0): 0 1000 
	6  (0): 0 1000 
2
	0  (0): 0 1000 
	1  (0): 0 1000 
	2  (0): 0 1000 
	3  (0): 0 1000 
	4  (0): 0 1000 
	5  (0): 0 1000 
	6  (0): 0 1000 
3
	0  (0): 0 1000 
	1  (0): 0 1000 
	2  (0): 0 1000 
	3  (0): 0 1000 
	4  (0): 0 1000 
	5  (0): 0 1000 
	6  (0): 0 1000 
4
	0  (0): 0 1000 
	1  (0): 0 1000 
	2  (0): 0 1000 
	3  (0): 0 1000 
	4  (0): 0 1000 
	5  (0): 0 1000 
	6  (0): 0 1000 
