104	0.0	62.05	196009	189210
10 7 50
 
0
	0 (0): 
	1 (0): 
	2 (0): 
	3 (2): 0 38 0 
	4 (22): 0 49 29 27 46 20 19 3 24 28 0 
	5 (0): 
	6 (3): 0 32 0 
1
	0 (0): 
	1 (0): 
	2 (0): 
	3 (0): 
	4 (0): 
	5 (0): 
	6 (0): 
2
	0 (0): 
	1 (0): 
	2 (0): 
	3 (0): 
	4 (0): 
	5 (0): 
	6 (0): 
3
	0 (0): 
	1 (0): 
	2 (0): 
	3 (0): 
	4 (0): 
	5 (0): 
	6 (0): 
4
	0 (24): 0 44 13 40 34 35 36 37 45 22 23 41 0 
	1 (0): 
	2 (0): 
	3 (0): 
	4 (0): 
	5 (0): 
	6 (0): 
5
	0 (0): 
	1 (0): 
	2 (0): 
	3 (0): 
	4 (0): 
	5 (0): 
	6 (0): 
6
	0 (0): 
	1 (0): 
	2 (0): 
	3 (0): 
	4 (0): 
	5 (0): 
	6 (0): 
7
	0 (0): 
	1 (23): 0 16 1 4 5 6 7 8 10 11 12 14 15 18 0 
	2 (0): 
	3 (0): 
	4 (0): 
	5 (0): 
	6 (0): 
8
	0 (27): 0 43 21 33 17 31 9 39 26 2 42 47 25 48 0 
	1 (0): 
	2 (0): 
	3 (3): 0 30 0 
	4 (0): 
	5 (0): 
	6 (0): 
9
	0 (0): 
	1 (0): 
	2 (0): 
	3 (0): 
	4 (0): 
	5 (0): 
	6 (0): 
