701	0.38373751783166904	10803.68	3535474	3528042
2 7 500
 
0
	0  (55): 0 99 495 182 386 280 451 22 172 298 102 51 381 497 427 485 221 28 471 460 71 500 
	1  (50): 0 154 348 231 278 249 36 254 133 65 258 318 211 167 101 190 85 56 148 500 
	2  (50): 0 364 186 94 120 225 303 337 297 387 279 365 446 307 289 187 299 243 304 500 
	3  (42): 0 164 37 440 189 132 281 457 55 6 283 434 161 431 130 380 500 
	4  (43): 0 198 17 213 288 68 448 488 16 18 383 358 97 67 74 12 66 500 
	5  (54): 0 399 355 124 466 39 105 312 389 327 369 285 469 417 30 52 114 136 87 109 500 
	6  (50): 0 57 475 171 113 122 212 191 139 201 116 370 316 184 138 287 499 108 395 500 
1
	0  (50): 0 223 462 265 247 310 117 336 432 173 326 452 3 329 119 219 49 342 353 483 500 
	1  (39): 0 392 245 261 147 335 241 376 349 479 314 106 86 58 81 317 500 
	2  (58): 0 366 118 90 125 239 175 382 140 347 206 319 234 406 351 42 226 275 59 360 324 500 
	3  (42): 0 430 401 29 363 447 302 361 10 179 481 216 391 157 72 294 48 491 500 
	4  (52): 0 214 181 196 104 60 416 253 375 88 449 442 305 441 188 77 25 458 208 500 
	5  (64): 0 313 169 64 128 309 127 384 23 142 443 20 137 220 340 306 176 422 459 9 271 293 286 500 
	6  (52): 0 76 371 346 202 53 439 330 373 159 185 393 162 356 126 425 468 339 244 424 500 
