416	1.783653846153821	10804.16	8837932	8820105
5 7 500
 
0
	0  (11): 0 56 184 310 303 500 
	1  (13): 0 101 51 312 233 69 500 
	2  (6): 0 55 164 500 
	3  (8): 0 469 340 39 500 
	4  (7): 0 138 452 240 500 
	5  (9): 0 90 423 67 500 
	6  (10): 0 48 456 136 132 500 
	7  (13): 0 239 491 96 446 116 500 
1
	0  (9): 0 286 356 468 500 
	1  (8): 0 57 451 9 500 
	2  (13): 0 389 416 294 407 262 500 
	3  (9): 0 245 353 20 500 
	4  (21): 0 92 432 352 258 442 266 232 475 36 500 
	5  (13): 0 254 151 267 357 465 500 
	6  (18): 0 299 175 71 19 351 78 405 500 
2
	0  (19): 0 221 244 334 462 318 188 207 285 500 
	1  (22): 0 99 161 370 401 26 29 74 384 500 
	2  (16): 0 53 430 181 10 223 488 500 
	3  (16): 0 198 200 137 15 201 253 500 
	4  (12): 0 133 265 130 157 500 
	5  (31): 0 196 497 118 42 113 410 376 306 35 309 290 500 
	6  (13): 0 172 14 382 271 305 500 
	7  (8): 0 235 333 302 500 
3
	0  (11): 0 369 147 470 471 500 
	1  (6): 0 365 373 500 
	2  (8): 0 319 394 75 121 500 
	3  (8): 0 395 350 311 500 
	4  (8): 0 328 348 249 500 
	5  (7): 0 66 86 65 500 
	6  (6): 0 180 218 276 500 
4
	0  (9): 0 422 387 103 500 
	1  (6): 0 329 122 500 
	2  (6): 0 399 483 500 
	3  (27): 0 313 241 331 120 293 159 347 114 287 341 500 
	4  (9): 0 364 337 191 500 
