837	0.3835125448028674	10809.12	14140390	14112168
8 7 500
 
0
	0  (10): 0 264 2 300 385 276 500 
	1  (7): 0 410 477 62 500 
	2  (8): 0 319 96 342 500 
	3  (23): 0 170 293 294 250 266 173 138 75 486 261 500 
	4  (10): 0 35 240 320 262 500 
	5  (11): 0 489 72 458 398 500 
	6  (29): 0 244 379 100 66 346 282 215 405 23 135 178 238 500 
1
	0  (6): 0 193 219 437 492 500 
	1  (30): 0 471 139 374 154 259 167 465 197 345 164 121 76 204 500 
	2  (9): 0 425 305 456 500 
	3  (11): 0 113 442 297 46 500 
	4  (8): 0 375 484 461 231 500 
	5  (24): 0 286 177 186 95 165 460 191 13 232 409 194 500 
	6  (16): 0 28 309 452 245 253 85 500 
	7  (21): 0 491 176 214 149 124 314 448 393 500 
2
	0  (9): 0 57 155 315 447 500 
	1  (17): 0 213 288 136 257 252 79 130 500 
	2  (20): 0 302 152 441 272 65 71 4 436 64 500 
	3  (17): 0 407 367 366 386 47 426 254 97 500 
	4  (6): 0 459 444 500 
	5  (10): 0 206 330 306 485 500 
	6  (18): 0 104 102 361 396 192 133 190 500 
3
	0  (16): 0 434 158 412 432 287 387 500 
	1  (7): 0 449 359 103 500 
	2  (18): 0 248 433 129 438 487 29 404 451 490 500 
	3  (20): 0 221 78 420 246 258 81 469 26 251 334 119 500 
	4  (8): 0 88 3 195 500 
	5  (24): 0 144 389 134 166 271 227 478 413 120 326 500 
	6  (10): 0 30 56 353 31 500 
	7  (17): 0 212 356 313 455 39 171 500 
4
	0  (28): 0 175 453 358 422 74 228 337 446 235 98 472 500 
	1  (20): 0 125 112 371 69 182 370 223 480 118 500 
	2  (10): 0 201 123 117 273 218 500 
	3  (7): 0 468 411 269 500 
	4  (17): 0 27 107 296 348 373 230 317 482 500 
	5  (23): 0 114 483 466 43 316 109 34 435 222 352 500 
	6  (6): 0 311 343 500 
5
	0  (33): 0 327 292 101 474 42 463 45 382 301 140 289 384 500 
	1  (6): 0 59 110 115 500 
	2  (6): 0 132 454 415 500 
	3  (15): 0 229 111 63 378 207 429 172 500 
	4  (15): 0 401 377 417 162 86 391 500 
	5  (10): 0 332 6 439 94 500 
	6  (31): 0 285 494 225 51 419 351 25 226 403 145 8 499 22 500 
6
	0  (15): 0 52 336 335 128 423 91 500 
	1  (15): 0 416 38 278 89 189 208 92 500 
	2  (11): 0 496 157 83 350 488 500 
	3  (8): 0 464 150 275 161 274 500 
	4  (5): 0 279 481 500 
	5  (11): 0 440 323 298 53 500 
	6  (7): 0 329 467 90 500 
7
	0  (29): 0 126 105 312 479 443 495 331 392 18 163 365 500 
	1  (21): 0 20 77 14 185 67 497 325 308 500 
	2  (10): 0 159 106 196 388 50 500 
	3  (22): 0 220 328 303 36 470 217 475 376 400 500 
	4  (16): 0 310 431 239 321 344 263 12 500 
