447	0.006711409395972391	190.76	574174	571242
2 7 200
 
0
	0  (40): 0 131 63 9 136 109 82 141 123 58 153 164 177 108 22 37 195 106 26 200 
	1  (19): 0 101 132 135 39 95 151 29 200 
	2  (12): 0 168 94 154 31 46 81 200 
	3  (36): 0 89 52 35 104 194 97 12 7 11 49 69 139 98 102 159 200 
	4  (29): 0 114 122 163 165 185 184 34 120 14 53 162 91 200 
	5  (26): 0 150 155 167 45 180 121 5 178 187 6 70 174 124 2 200 
	6  (35): 0 96 111 119 59 60 128 30 90 138 103 21 116 20 107 200 
1
	0  (37): 0 166 190 144 18 140 161 146 78 171 57 44 77 199 88 191 33 200 
	1  (35): 0 182 156 169 1 25 43 17 179 85 181 134 16 196 133 197 61 200 
	2  (30): 0 129 38 84 19 87 83 149 24 65 115 80 50 145 28 126 8 200 
	3  (36): 0 47 75 36 175 130 74 40 72 55 4 54 73 71 183 127 27 200 
	4  (38): 0 117 125 148 56 42 113 176 170 15 99 118 79 13 86 66 200 
	5  (39): 0 143 160 105 93 142 67 189 100 41 64 51 186 188 157 3 172 200 
	6  (35): 0 76 198 192 68 147 110 62 10 32 23 48 137 158 152 173 200 
