449	0.0022271714922048997	1313.47	2307367	2284968
8 7 200
 
0
	0 (16): 0 41 76 59 168 191 140 182 0 
	1 (12): 0 18 180 60 195 16 0 
	2 (4): 0 89 107 149 0 
	3 (11): 0 159 156 71 124 79 0 
	4 (1): 0 193 0 
	5 (6): 0 186 17 0 
	6 (1): 0 54 0 
1
	0 (15): 0 101 155 148 111 49 190 0 
	1 (9): 0 33 13 143 165 66 0 
	2 (6): 0 103 154 0 
	3 (7): 0 15 58 31 163 0 
	4 (4): 0 146 5 0 
	5 (9): 0 3 69 14 129 178 0 
	6 (22): 0 131 20 22 78 126 53 95 142 12 0 
2
	0 (8): 0 80 120 23 19 0 
	1 (6): 0 32 83 38 0 
	2 (12): 0 68 113 72 94 0 
	3 (18): 0 24 136 74 29 45 161 65 48 0 
	4 (5): 0 139 92 40 0 
	5 (10): 0 176 34 128 1 0 
	6 (19): 0 104 147 75 37 137 88 175 0 
3
	0 (10): 0 125 174 118 21 0 
	1 (6): 0 169 198 0 
	2 (5): 0 114 188 0 
	3 (3): 0 162 0 
	4 (8): 0 90 97 4 84 0 
	5 (4): 0 106 110 123 0 
	6 (3): 0 27 0 
4
	0 (6): 0 144 170 0 
	1 (2): 0 26 0 
	2 (2): 0 194 0 
	3 (7): 0 183 152 98 62 0 
	4 (8): 0 109 100 81 0 
	5 (11): 0 7 64 42 115 86 0 
	6 (5): 0 185 192 0 
5
	0 (14): 0 135 8 122 153 164 199 0 
	1 (12): 0 158 166 121 43 9 0 
	2 (1): 0 73 0 
	3 (7): 0 171 35 151 0 
	4 (12): 0 138 112 133 134 70 187 0 
	5 (1): 0 179 0 
	6 (15): 0 173 184 52 157 119 47 0 
6
	0 (8): 0 51 141 39 0 
	1 (3): 0 93 87 0 
	2 (12): 0 61 67 46 150 77 0 
	3 (14): 0 181 57 44 56 196 0 
	4 (3): 0 2 116 0 
	5 (7): 0 105 36 11 0 
	6 (8): 0 82 25 55 0 
7
	0 (8): 0 172 10 85 0 
	1 (3): 0 132 0 
	2 (6): 0 28 145 108 0 
	3 (13): 0 160 197 91 189 30 99 0 
	4 (6): 0 102 167 0 
	5 (6): 0 127 63 117 0 
	6 (9): 0 130 96 6 50 0 
