667	0.4542728635682159	10803.88	3542491	3528042
2 7 500
 
0
	0 (37): 0 405 472 94 138 56 184 76 199 214 162 117 413 200 444 0 
	1 (58): 0 425 161 343 328 282 74 241 384 167 281 133 434 430 335 53 22 147 439 118 424 0 
	2 (45): 0 305 284 104 20 239 111 421 96 330 476 253 422 11 461 19 363 12 326 280 0 
	3 (50): 0 310 172 219 427 285 101 97 77 188 26 391 408 119 451 44 350 131 98 293 395 0 
	4 (33): 0 475 216 417 442 189 447 273 198 148 81 129 433 260 0 
	5 (53): 0 109 429 159 247 353 365 244 27 218 154 201 182 348 99 495 21 367 458 269 120 400 0 
	6 (45): 0 9 322 423 388 453 325 410 373 497 186 176 226 342 160 169 386 0 
1
	0 (50): 0 289 113 68 140 283 6 65 309 414 468 385 108 275 121 393 57 441 71 481 43 0 
	1 (42): 0 287 125 459 17 317 196 347 130 406 448 416 14 354 58 153 366 0 
	2 (56): 0 341 8 191 399 126 357 221 62 261 85 314 452 279 432 52 100 311 103 339 248 0 
	3 (59): 0 128 436 278 483 356 185 462 440 306 337 329 499 375 449 418 271 360 355 381 36 0 
	4 (22): 0 49 327 143 28 485 149 379 498 139 313 0 
	5 (56): 0 471 64 231 338 137 67 382 303 428 245 59 387 30 122 298 324 286 82 141 208 491 0 
	6 (61): 0 51 213 212 263 351 37 50 60 124 132 190 237 299 25 469 376 225 364 392 164 302 0 
