104	0.0	11.42	153940	151368
8 7 50
 
0
	0  (2): 0 44 50 
	1  (0): 0 50 
	2  (2): 0 7 50 
	3  (4): 0 10 47 50 
	4  (3): 0 22 50 
	5  (2): 0 15 50 
	6  (1): 0 24 50 
1
	0  (0): 0 50 
	1  (1): 0 1 50 
	2  (3): 0 42 50 
	3  (3): 0 27 50 
	4  (2): 0 11 50 
	5  (3): 0 28 50 
	6  (3): 0 32 50 
2
	0  (1): 0 31 50 
	1  (2): 0 38 50 
	2  (2): 0 21 50 
	3  (1): 0 48 50 
	4  (1): 0 33 50 
	5  (2): 0 46 50 
	6  (5): 0 35 39 50 
3
	0  (1): 0 2 50 
	1  (3): 0 34 50 
	2  (1): 0 13 50 
	3  (0): 0 50 
	4  (2): 0 3 50 
	5  (3): 0 9 50 
	6  (2): 0 8 50 
	7  (0): 0 50 
4
	0  (0): 0 50 
	1  (0): 0 50 
	2  (3): 0 25 50 
	3  (3): 0 37 50 
	4  (2): 0 45 50 
	5  (0): 0 50 
	6  (0): 0 50 
5
	0  (0): 0 50 
	1  (0): 0 50 
	2  (2): 0 12 50 
	3  (3): 0 18 4 50 
	4  (1): 0 41 50 
	5  (3): 0 20 50 
	6  (2): 0 5 50 
	7  (4): 0 14 30 50 
6
	0  (2): 0 6 50 
	1  (0): 0 50 
	2  (2): 0 43 50 
	3  (3): 0 49 50 
	4  (3): 0 29 50 
	5  (2): 0 26 50 
	6  (0): 0 50 
7
	0  (2): 0 16 50 
	1  (1): 0 40 50 
	2  (0): 0 50 
	3  (3): 0 17 50 
	4  (8): 0 19 23 36 50 
