140	2.214285714285713	10800.99	662335	653170
2 7

0
	0  (14): 0 91 201 132 196 67 48 27 214 
	1  (11): 0 118 46 206 97 122 152 214 
	2  (0): 0 205 202 214 
	3  (10): 0 81 114 164 209 12 214 
	4  (11): 0 156 59 211 138 1 53 214 
	5  (7): 0 208 150 69 188 214 
	6  (28): 0 154 161 130 72 158 141 87 90 71 14 186 214 
1
	0  (15): 0 162 8 174 200 183 140 76 214 
	1  (3): 0 203 115 83 214 
	2  (1): 0 213 2 214 
	3  (16): 0 125 123 57 103 93 39 192 207 214 
	4  (3): 0 212 42 214 
	5  (17): 0 153 204 34 41 198 25 32 26 214 
	6  (4): 0 210 43 116 214 
