353	0.055333713631518344	10844.62	665345	653170
2 7

0
	0  (21): 0 46 61 103 10 76 164 210 130 187 143 214 
	1  (26): 0 120 139 191 106 207 118 79 97 188 49 119 98 214 
	2  (25): 0 131 148 199 154 99 141 109 140 213 167 75 214 
	3  (14): 0 32 194 208 205 59 137 54 165 214 
	4  (24): 0 113 22 186 160 43 202 152 136 69 57 214 
	5  (38): 0 102 87 121 28 132 60 135 23 104 65 4 84 96 122 100 214 
	6  (22): 0 153 203 42 77 67 185 71 149 36 31 214 
1
	0  (26): 0 34 117 157 211 171 124 147 83 198 128 64 214 
	1  (22): 0 107 11 204 40 159 125 3 66 162 146 178 8 214 
	2  (34): 0 26 62 181 175 192 88 73 189 108 138 55 101 161 53 214 
	3  (24): 0 166 51 129 56 206 177 78 172 212 110 37 47 169 214 
	4  (28): 0 12 85 179 17 68 30 184 91 200 176 190 25 214 
	5  (23): 0 45 9 114 33 182 201 14 183 52 20 196 214 
	6  (26): 0 133 72 195 74 142 144 209 90 6 126 214 
