1103	0.04986400725294527	10833.85	17530147	17436328
8 7

0
	0  (29): 0 317 69 374 497 145 492 12 273 233 30 462 100 228 556 
	1  (11): 0 340 551 509 294 166 165 252 556 
	2  (17): 0 298 73 118 265 555 478 41 362 89 556 
	3  (22): 0 254 366 367 510 181 242 23 150 377 449 556 
	4  (18): 0 175 246 281 142 535 459 476 240 556 
	5  (14): 0 406 66 11 554 285 120 323 556 
	6  (23): 0 382 318 195 487 39 518 365 300 289 361 556 
1
	0  (19): 0 201 106 173 517 346 327 301 74 556 
	1  (14): 0 10 484 330 355 55 524 86 131 556 
	2  (20): 0 320 163 171 421 194 514 278 102 172 556 
	3  (25): 0 392 210 337 191 373 343 480 92 530 494 498 475 556 
	4  (18): 0 180 202 436 81 541 224 499 442 226 556 
	5  (24): 0 286 148 123 90 88 440 128 526 178 388 401 556 
	6  (22): 0 433 390 83 245 179 217 473 531 213 255 26 297 556 
2
	0  (23): 0 282 322 538 446 467 61 414 154 162 219 556 
	1  (20): 0 95 18 545 329 415 431 3 418 137 556 
	2  (18): 0 344 295 125 542 417 127 464 404 429 556 
	3  (16): 0 402 45 230 237 420 525 471 425 556 
	4  (24): 0 486 261 324 216 168 503 5 229 434 7 117 470 556 
	5  (22): 0 96 409 196 99 539 76 302 239 6 556 
	6  (12): 0 411 370 544 466 279 357 556 
3
	0  (21): 0 485 28 444 121 447 46 42 511 190 556 
	1  (19): 0 78 37 287 311 536 546 461 276 221 491 556 
	2  (19): 0 132 144 550 383 450 364 274 57 556 
	3  (19): 0 263 468 333 548 186 349 185 283 556 
	4  (21): 0 77 198 448 98 376 451 549 396 452 556 
	5  (29): 0 222 87 395 483 272 339 412 91 114 253 101 200 38 556 
	6  (17): 0 161 155 540 235 291 288 386 139 338 556 
4
	0  (23): 0 309 63 310 130 268 129 519 104 335 43 136 556 
	1  (29): 0 432 54 140 372 479 363 500 157 119 14 306 75 176 303 556 
	2  (23): 0 44 56 177 380 159 410 505 49 307 20 556 
	3  (18): 0 490 378 368 353 469 474 520 488 79 556 
	4  (18): 0 143 22 156 189 215 167 502 71 453 556 
	5  (21): 0 9 256 82 231 527 489 211 241 111 556 
	6  (28): 0 248 59 385 293 360 537 321 40 430 160 314 336 556 
5
	0  (14): 0 25 439 36 305 547 553 408 556 
	1  (20): 0 389 105 134 264 445 352 522 72 220 556 
	2  (33): 0 424 456 465 64 97 312 32 52 17 387 250 426 556 
	3  (13): 0 316 204 243 523 496 403 35 275 556 
	4  (10): 0 394 313 423 247 532 556 
	5  (17): 0 405 4 463 508 164 358 53 188 556 
	6  (18): 0 141 292 133 138 207 169 552 212 199 556 
6
	0  (11): 0 48 29 15 238 513 504 458 556 
	1  (21): 0 33 325 223 113 67 351 507 350 232 477 556 
	2  (22): 0 472 85 438 70 60 454 267 206 251 158 556 
	3  (16): 0 375 94 534 197 1 225 135 109 556 
	4  (18): 0 308 192 146 110 2 284 328 515 347 218 556 
	5  (23): 0 244 290 407 441 371 384 516 326 393 27 556 
	6  (23): 0 34 422 428 521 457 80 65 62 271 184 556 
7
	0  (18): 0 427 249 413 528 334 481 460 103 391 556 
	1  (15): 0 455 147 126 506 342 24 331 556 
	2  (23): 0 359 277 122 8 369 512 356 258 381 68 209 556 
	3  (17): 0 280 208 299 543 419 47 107 16 51 556 
	4  (17): 0 304 348 13 174 501 416 187 398 116 556 
	5  (18): 0 341 31 379 227 84 529 152 443 257 124 259 556 
	6  (20): 0 214 533 183 234 319 345 170 236 115 556 
