217	0.0	930.79	193235	188370
2 7

0
	0  (18): 0 9 93 101 8 24 1 90 83 19 47 82 114 
	1  (26): 0 71 67 31 59 17 108 73 53 86 60 68 46 114 
	2  (17): 0 79 96 7 50 106 52 39 49 114 
	3  (25): 0 21 56 27 34 70 88 2 14 62 32 43 114 
	4  (16): 0 15 36 4 55 111 81 30 11 114 
	5  (8): 0 61 57 54 95 109 114 
	6  (9): 0 45 105 102 20 48 72 114 
1
	0  (14): 0 12 87 58 69 100 40 80 65 114 
	1  (28): 0 3 25 22 28 94 77 35 16 18 76 26 114 
	2  (8): 0 38 97 6 113 10 114 
	3  (10): 0 64 41 84 99 112 13 114 
	4  (6): 0 78 37 110 75 107 33 114 
	5  (14): 0 42 63 104 85 89 5 23 114 
	6  (18): 0 66 51 29 74 103 92 91 98 44 114 
