217	0.0	50.02	671099	656880
5 7

0
	0  (15): 0 43 127 62 9 67 44 99 135 
	1  (5): 0 36 122 95 135 
	2  (14): 0 91 93 32 11 69 82 6 135 
	3  (11): 0 21 77 133 79 41 60 135 
	4  (14): 0 54 57 47 129 89 117 76 94 135 
	5  (17): 0 4 80 18 22 49 1 64 106 85 135 
	6  (2): 0 48 63 118 135 
1
	0  (2): 0 15 100 135 
	1  (2): 0 114 35 135 
	2  (5): 0 66 108 121 38 135 
	3  (3): 0 104 51 135 
	4  (1): 0 83 130 135 
	5  (1): 0 31 135 
	6  (0): 0 134 135 
2
	0  (2): 0 111 81 135 
	1  (5): 0 25 12 120 135 
	2  (6): 0 68 109 90 135 
	3  (13): 0 33 16 96 13 5 65 61 135 
	4  (11): 0 46 55 107 88 28 135 
	5  (9): 0 39 101 20 42 135 
	6  (3): 0 128 113 23 135 
3
	0  (3): 0 124 71 135 
	1  (9): 0 30 125 56 45 40 135 
	2  (1): 0 119 2 135 
	3  (4): 0 86 17 105 135 
	4  (3): 0 73 26 131 135 
	5  (5): 0 29 3 135 
	6  (1): 0 75 115 132 135 
4
	0  (12): 0 78 34 59 112 70 27 135 
	1  (5): 0 53 87 116 135 
	2  (4): 0 102 10 58 135 
	3  (11): 0 72 97 74 126 14 7 135 
	4  (5): 0 37 8 110 135 
	5  (1): 0 24 103 135 
	6  (12): 0 92 98 84 123 50 52 19 135 
