0	inf	10850.46	37747499	37637880
5 7

0
	0  (0): 0 1033 1035 
	1  (0): 0 1035 
	2  (0): 0 1022 1035 
	3  (0): 0 1029 1017 1035 
	4  (0): 0 1027 1035 
	5  (0): 0 1006 1035 
	6  (0): 0 1018 1035 
1
	0  (0): 0 1034 1035 
	1  (0): 0 1000 1035 
	2  (0): 0 1004 1035 
	3  (0): 0 1008 1035 
	4  (0): 0 1035 
	5  (0): 0 1030 1021 1035 
	6  (0): 0 1014 1035 
2
	0  (0): 0 1007 1035 
	1  (0): 0 1009 1013 1035 
	2  (0): 0 1011 1035 
	3  (0): 0 1028 1035 
	4  (0): 0 1020 1035 
	5  (0): 0 1035 
	6  (0): 0 1001 1035 
3
	0  (0): 0 1005 1032 1035 
	1  (0): 0 1031 1035 
	2  (0): 0 1024 1035 
	3  (0): 0 1025 1035 
	4  (0): 0 1019 1035 
	5  (0): 0 1015 1035 
	6  (0): 0 1035 
4
	0  (0): 0 1002 1035 
	1  (0): 0 1016 1035 
	2  (0): 0 1010 1035 
	3  (0): 0 1023 1035 
	4  (0): 0 1012 1035 
	5  (0): 0 1026 1035 
	6  (0): 0 1003 1035 
