1087	0.06531738730450071	10835.73	23022899	22902810
10 7

0
	0  (9): 0 250 341 62 81 519 570 
	1  (16): 0 414 375 340 510 415 175 40 318 570 
	2  (19): 0 75 379 337 6 59 169 558 373 498 166 570 
	3  (19): 0 109 334 344 82 557 323 491 342 51 570 
	4  (10): 0 78 329 402 567 564 407 128 570 
	5  (19): 0 338 322 552 88 137 328 1 462 460 570 
	6  (14): 0 454 98 221 58 389 459 570 
1
	0  (17): 0 255 280 263 124 455 173 559 19 408 570 
	1  (21): 0 332 463 561 235 361 172 157 343 339 570 
	2  (15): 0 439 512 134 457 95 325 284 570 
	3  (17): 0 398 171 473 533 431 192 156 353 392 570 
	4  (21): 0 475 310 148 493 305 121 560 2 247 471 570 
	5  (13): 0 357 73 18 83 494 222 523 335 397 570 
	6  (17): 0 184 191 232 404 97 516 384 190 570 
2
	0  (7): 0 159 151 504 295 570 
	1  (14): 0 550 147 366 469 245 10 570 
	2  (17): 0 227 386 288 536 417 517 25 381 570 
	3  (21): 0 293 401 424 429 8 56 400 348 570 
	4  (14): 0 67 119 52 69 31 568 466 570 
	5  (16): 0 47 362 117 569 333 258 118 436 177 570 
	6  (21): 0 311 220 423 506 368 206 405 465 15 570 
3
	0  (28): 0 248 9 275 314 289 370 150 532 106 393 71 385 570 
	1  (10): 0 24 306 252 529 509 57 152 570 
	2  (10): 0 486 541 336 207 183 382 570 
	3  (13): 0 376 267 388 490 188 538 482 202 570 
	4  (18): 0 450 531 145 11 253 452 309 269 168 61 570 
	5  (32): 0 380 64 319 360 355 141 477 230 301 438 4 285 313 570 
	6  (10): 0 327 492 42 474 555 570 
4
	0  (22): 0 445 526 394 315 45 351 46 160 479 100 570 
	1  (13): 0 345 226 507 164 218 66 570 
	2  (15): 0 410 154 530 115 378 387 44 570 
	3  (18): 0 276 114 167 472 539 163 39 28 570 
	4  (7): 0 548 497 527 50 116 570 
	5  (21): 0 396 103 270 448 102 214 488 257 570 
	6  (20): 0 277 139 383 22 535 178 317 20 241 570 
5
	0  (17): 0 210 260 367 540 65 122 14 90 570 
	1  (14): 0 272 537 34 435 110 170 468 478 570 
	2  (19): 0 54 513 195 53 326 126 198 433 570 
	3  (14): 0 223 104 554 165 484 77 262 570 
	4  (14): 0 440 501 30 199 84 123 324 570 
	5  (16): 0 290 418 518 356 130 236 406 570 
	6  (21): 0 85 434 135 461 3 556 132 377 194 278 570 
6
	0  (23): 0 316 35 346 254 274 26 161 369 243 193 238 570 
	1  (11): 0 427 286 553 187 292 347 570 
	2  (17): 0 142 505 244 364 399 158 131 570 
	3  (13): 0 422 496 534 430 180 458 570 
	4  (16): 0 125 467 246 138 525 29 281 48 570 
	5  (10): 0 359 451 520 432 291 349 570 
	6  (5): 0 470 502 542 149 240 570 
7
	0  (20): 0 55 237 312 308 182 544 297 481 273 570 
	1  (15): 0 179 421 162 200 528 176 23 464 570 
	2  (10): 0 303 372 282 390 521 296 33 570 
	3  (11): 0 515 76 231 12 403 371 570 
	4  (16): 0 265 441 294 133 514 127 420 570 
	5  (9): 0 120 546 79 143 256 570 
	6  (9): 0 522 185 425 499 570 
8
	0  (17): 0 189 495 563 181 483 264 219 570 
	1  (18): 0 446 271 37 503 201 412 108 101 570 
	2  (17): 0 213 92 268 224 144 565 113 266 354 570 
	3  (13): 0 298 566 216 449 321 228 5 570 
	4  (17): 0 36 547 485 140 209 225 416 480 570 
	5  (9): 0 259 358 203 155 196 570 
	6  (10): 0 300 562 374 508 283 72 570 
9
	0  (17): 0 233 229 511 153 261 350 239 60 570 
	1  (13): 0 304 549 453 212 129 489 570 
	2  (16): 0 87 419 146 287 500 107 32 249 112 570 
	3  (16): 0 279 543 136 7 320 211 447 570 
	4  (20): 0 86 186 234 68 545 63 411 215 105 302 570 
	5  (13): 0 352 443 99 551 208 49 570 
	6  (17): 0 363 442 426 17 524 27 391 570 
