287	0.5163011262596303	10804.89	3756845	3727570
2 7

0
	0  (21): 0 498 209 503 174 46 373 499 131 94 288 514 
	1  (33): 0 154 19 325 456 340 462 247 261 206 441 184 199 420 514 
	2  (24): 0 400 143 61 431 125 507 271 26 60 295 71 514 
	3  (39): 0 413 339 422 447 210 382 56 67 308 192 318 64 430 101 514 
	4  (27): 0 336 306 152 78 298 198 305 164 510 293 208 117 514 
	5  (19): 0 248 225 508 505 59 128 379 279 22 514 
	6  (26): 0 268 53 285 17 254 273 121 313 513 353 97 187 514 
1
	0  (16): 0 120 28 169 87 506 157 500 18 291 514 
	1  (34): 0 190 281 453 54 185 391 463 203 32 348 21 367 179 213 514 
	2  (30): 0 272 57 302 326 191 365 196 130 127 512 119 322 514 
	3  (22): 0 259 239 504 475 324 509 176 401 241 299 514 
	4  (23): 0 333 146 357 399 511 253 355 104 95 219 514 
	5  (44): 0 274 227 30 229 256 195 457 113 479 351 347 85 233 338 166 460 481 66 514 
	6  (29): 0 65 133 425 160 501 153 310 459 175 107 287 478 514 
