450	0.0	1.74	1990699	1965880
5 7

0
	0  (2): 0 19 204 235 
	1  (17): 0 45 37 5 223 158 159 166 109 235 
	2  (14): 0 58 178 134 80 155 200 83 164 68 235 
	3  (5): 0 232 96 139 235 
	4  (26): 0 66 7 152 61 12 25 89 167 183 88 168 165 235 
	5  (2): 0 220 15 235 
	6  (0): 0 222 217 235 
1
	0  (23): 0 65 8 191 211 128 193 18 170 22 114 235 
	1  (19): 0 141 184 157 226 71 201 127 100 129 235 
	2  (17): 0 112 210 162 92 146 42 198 63 59 235 
	3  (22): 0 53 91 38 4 35 131 76 117 44 182 174 235 
	4  (4): 0 135 106 225 202 235 
	5  (19): 0 108 78 79 34 39 150 75 111 24 14 187 235 
	6  (17): 0 122 214 140 60 82 77 2 161 235 
2
	0  (9): 0 99 81 13 113 233 235 
	1  (9): 0 132 32 137 227 235 
	2  (18): 0 185 43 179 172 48 230 119 196 101 235 
	3  (17): 0 27 136 116 234 16 151 180 192 235 
	4  (20): 0 177 98 87 208 142 73 94 169 186 6 235 
	5  (9): 0 86 64 124 105 231 235 
	6  (9): 0 103 74 49 209 235 
3
	0  (14): 0 69 176 199 229 110 194 190 235 
	1  (13): 0 144 55 163 126 207 11 235 
	2  (7): 0 47 23 21 224 235 
	3  (22): 0 85 56 29 46 30 93 143 123 121 95 235 
	4  (12): 0 3 228 215 72 102 51 41 235 
	5  (8): 0 67 115 212 147 235 
	6  (20): 0 189 107 9 90 213 130 54 70 20 171 235 
4
	0  (15): 0 148 26 149 36 218 181 118 235 
	1  (11): 0 216 84 125 17 175 235 
	2  (8): 0 28 133 188 219 235 
	3  (3): 0 205 154 235 
	4  (12): 0 153 203 97 62 50 10 120 235 
	5  (16): 0 195 1 221 104 138 52 173 33 235 
	6  (11): 0 197 145 160 206 40 31 156 57 235 
