444	0.0009927200529444675	2673.4	3785039	3727528
8 7

0
	0  (20): 0 183 64 174 173 136 118 110 247 30 1 256 
	1  (11): 0 95 120 46 229 141 137 256 
	2  (17): 0 138 178 19 208 87 160 157 166 33 256 
	3  (13): 0 112 37 73 75 97 236 58 169 256 
	4  (11): 0 39 90 200 104 96 256 
	5  (6): 0 237 124 56 256 
	6  (16): 0 23 17 224 116 71 179 185 13 256 
1
	0  (8): 0 243 119 109 195 256 
	1  (9): 0 115 225 163 191 11 256 
	2  (13): 0 31 25 35 218 132 187 113 256 
	3  (11): 0 205 84 57 76 22 256 
	4  (17): 0 83 79 34 240 164 36 45 59 256 
	5  (16): 0 192 68 238 3 172 123 158 43 256 
	6  (7): 0 10 54 60 214 145 256 
2
	0  (9): 0 194 221 186 62 117 256 
	1  (14): 0 107 121 49 161 99 67 256 
	2  (6): 0 155 127 230 149 14 256 
	3  (3): 0 241 223 20 256 
	4  (6): 0 114 209 80 18 256 
	5  (11): 0 154 106 181 246 130 256 
	6  (5): 0 5 202 65 256 
3
	0  (4): 0 216 77 41 256 
	1  (14): 0 105 203 50 55 40 151 29 256 
	2  (2): 0 150 248 256 
	3  (12): 0 32 167 159 78 253 28 256 
	4  (4): 0 168 147 256 
	5  (3): 0 102 254 256 
	6  (2): 0 242 171 217 256 
4
	0  (3): 0 190 252 256 
	1  (4): 0 47 220 199 256 
	2  (8): 0 197 162 6 249 26 256 
	3  (7): 0 182 148 250 146 256 
	4  (5): 0 188 198 206 256 
	5  (2): 0 82 231 256 
	6  (8): 0 86 222 152 144 88 256 
5
	0  (9): 0 89 177 232 233 133 51 256 
	1  (6): 0 44 27 24 256 
	2  (7): 0 153 170 16 219 256 
	3  (6): 0 128 139 213 256 
	4  (7): 0 189 228 85 180 256 
	5  (9): 0 125 227 140 52 256 
	6  (9): 0 63 15 2 212 129 175 256 
6
	0  (11): 0 196 111 100 235 184 256 
	1  (10): 0 12 131 204 72 143 92 256 
	2  (7): 0 91 74 9 234 256 
	3  (2): 0 239 81 256 
	4  (2): 0 226 61 215 256 
	5  (3): 0 66 256 
	6  (12): 0 94 103 42 69 211 256 
7
	0  (6): 0 244 122 53 256 
	1  (0): 0 201 256 
	2  (10): 0 176 108 210 142 98 256 
	3  (5): 0 255 70 93 38 256 
	4  (4): 0 101 48 207 256 
	5  (4): 0 8 245 193 4 256 
	6  (8): 0 21 251 135 7 165 256 
