250	0.027586206896551724	10807.74	5254569	5178810
10 7

0
	0  (15): 0 267 76 148 108 10 66 150 270 
	1  (3): 0 210 162 270 
	2  (15): 0 185 126 25 219 30 56 270 
	3  (10): 0 57 142 187 257 102 270 
	4  (6): 0 258 186 114 270 
	5  (3): 0 252 26 193 270 
	6  (9): 0 35 73 264 60 164 270 
1
	0  (3): 0 212 223 160 270 
	1  (2): 0 192 270 
	2  (3): 0 259 188 78 270 
	3  (17): 0 62 104 170 233 184 55 127 270 
	4  (2): 0 149 216 63 270 
	5  (6): 0 261 69 169 270 
	6  (19): 0 147 74 20 137 196 260 33 53 270 
2
	0  (0): 0 250 270 
	1  (12): 0 206 191 181 138 157 270 
	2  (5): 0 269 217 143 71 270 
	3  (6): 0 236 79 116 120 270 
	4  (0): 0 270 
	5  (8): 0 103 204 194 23 270 
	6  (8): 0 75 123 98 72 268 197 270 
3
	0  (6): 0 64 172 231 238 270 
	1  (5): 0 178 84 44 255 270 
	2  (3): 0 92 209 121 270 
	3  (7): 0 136 22 168 232 270 
	4  (4): 0 8 180 241 270 
	5  (3): 0 179 7 270 
	6  (9): 0 155 18 130 229 190 270 
4
	0  (6): 0 32 248 125 270 
	1  (2): 0 230 19 270 
	2  (12): 0 89 153 199 239 113 42 270 
	3  (1): 0 227 31 270 
	4  (12): 0 159 4 2 68 207 128 5 270 
	5  (5): 0 152 226 67 110 270 
	6  (9): 0 235 94 85 195 270 
5
	0  (9): 0 182 43 115 256 144 270 
	1  (11): 0 36 100 9 166 240 270 
	2  (1): 0 14 270 
	3  (11): 0 213 133 105 3 176 83 270 
	4  (6): 0 129 48 201 135 41 270 
	5  (3): 0 254 49 270 
	6  (0): 0 218 270 
6
	0  (3): 0 119 220 145 270 
	1  (0): 0 202 225 270 
	2  (0): 0 270 
	3  (4): 0 165 205 70 270 
	4  (8): 0 156 28 111 242 174 270 
	5  (7): 0 131 253 146 132 270 
	6  (0): 0 234 270 
7
	0  (0): 0 246 270 
	1  (10): 0 154 158 189 173 214 270 
	2  (1): 0 228 86 270 
	3  (10): 0 215 34 81 52 87 270 
	4  (9): 0 61 16 221 175 58 270 
	5  (11): 0 222 29 183 54 59 117 270 
	6  (2): 0 106 244 270 
8
	0  (11): 0 15 140 37 51 270 
	1  (13): 0 27 90 266 6 47 167 270 
	2  (9): 0 39 141 203 171 134 270 
	3  (5): 0 265 97 77 270 
	4  (0): 0 208 270 
	5  (4): 0 82 247 96 270 
	6  (9): 0 262 122 45 93 107 21 270 
9
	0  (6): 0 12 243 101 13 270 
	1  (11): 0 198 95 245 118 1 46 270 
	2  (11): 0 24 88 224 139 109 91 270 
	3  (0): 0 251 270 
	4  (10): 0 80 177 211 151 38 40 11 270 
	5  (8): 0 163 200 124 65 270 
	6  (11): 0 17 249 161 99 50 112 270 
