-5600	inf	10870.89	62921839	62684328
8 7

0
	0  (0): 0 1056 
	1  (0): 0 1056 
	2  (0): 0 1056 
	3  (0): 0 1056 
	4  (0): 0 1056 
	5  (0): 0 1056 
	6  (0): 0 1056 
1
	0  (0): 0 1056 
	1  (0): 0 1056 
	2  (0): 0 1056 
	3  (0): 0 1056 
	4  (0): 0 1056 
	5  (0): 0 1056 
	6  (0): 0 1056 
2
	0  (0): 0 1056 
	1  (0): 0 1056 
	2  (0): 0 1056 
	3  (0): 0 1056 
	4  (0): 0 1056 
	5  (0): 0 1056 
	6  (0): 0 1056 
3
	0  (0): 0 1056 
	1  (0): 0 1056 
	2  (0): 0 1056 
	3  (0): 0 1056 
	4  (0): 0 1056 
	5  (0): 0 1056 
	6  (0): 0 1056 
4
	0  (0): 0 1056 
	1  (0): 0 1056 
	2  (0): 0 1056 
	3  (0): 0 1056 
	4  (0): 0 1056 
	5  (0): 0 1056 
	6  (0): 0 1056 
5
	0  (0): 0 1056 
	1  (0): 0 1056 
	2  (0): 0 1056 
	3  (0): 0 1056 
	4  (0): 0 1056 
	5  (0): 0 1056 
	6  (0): 0 1056 
6
	0  (0): 0 1056 
	1  (0): 0 1056 
	2  (0): 0 1056 
	3  (0): 0 1056 
	4  (0): 0 1056 
	5  (0): 0 1056 
	6  (0): 0 1056 
7
	0  (0): 0 1056 
	1  (0): 0 1056 
	2  (0): 0 1056 
	3  (0): 0 1056 
	4  (0): 0 1056 
	5  (0): 0 1056 
	6  (0): 0 1056 
