387	4.948320413436693	10912.43	80668399	80442810
10 7

0
	0  (0): 0 1067 1070 
	1  (0): 0 1070 
	2  (12): 0 201 809 365 19 712 1057 1070 
	3  (6): 0 256 716 1010 1064 1070 
	4  (13): 0 896 392 6 133 105 1052 1070 
	5  (8): 0 397 503 934 420 1019 1070 
	6  (12): 0 488 555 666 142 376 1058 1070 
1
	0  (12): 0 400 472 696 936 544 1023 1070 
	1  (11): 0 741 892 737 134 771 229 1059 1070 
	2  (0): 0 1016 1070 
	3  (17): 0 298 803 559 241 431 846 1060 1070 
	4  (0): 0 1012 1070 
	5  (0): 0 1033 1070 
	6  (9): 0 725 914 177 48 958 1061 1070 
2
	0  (8): 0 341 981 835 158 1069 1070 
	1  (0): 0 1006 1070 
	2  (0): 0 1004 1070 
	3  (0): 0 1036 1070 
	4  (15): 0 596 220 285 811 806 941 1068 1070 
	5  (0): 0 1017 1070 
	6  (0): 0 1050 1070 
3
	0  (0): 0 1031 1070 
	1  (0): 0 1038 1070 
	2  (0): 0 1070 
	3  (0): 0 1055 1070 
	4  (9): 0 1029 1009 382 972 751 1070 
	5  (0): 0 1041 1032 1070 
	6  (0): 0 1070 
4
	0  (0): 0 1039 1070 
	1  (16): 0 1048 633 153 217 790 130 405 337 1070 
	2  (10): 0 1035 322 436 222 88 1070 
	3  (0): 0 1070 
	4  (0): 0 1026 1027 1070 
	5  (15): 0 1030 995 767 267 830 147 1070 
	6  (11): 0 1007 174 373 890 658 1070 
5
	0  (9): 0 871 411 994 929 1056 1070 
	1  (0): 0 1054 1070 
	2  (0): 0 1013 1070 
	3  (8): 0 348 585 550 1018 1070 
	4  (9): 0 396 459 245 1001 1070 
	5  (0): 0 1037 1070 
	6  (15): 0 450 244 289 879 897 1040 1070 
6
	0  (0): 0 1070 
	1  (12): 0 280 35 288 16 700 1025 1070 
	2  (0): 0 1002 1042 1070 
	3  (4): 0 33 200 903 1034 1070 
	4  (5): 0 183 641 1005 1070 
	5  (0): 0 1053 1070 
	6  (0): 0 1020 1070 
7
	0  (7): 0 1046 1044 305 759 866 1070 
	1  (12): 0 1022 196 940 560 356 114 1070 
	2  (0): 0 1021 1070 
	3  (0): 0 1028 1070 
	4  (0): 0 1070 
	5  (7): 0 1014 760 391 998 1070 
	6  (12): 0 1015 204 631 170 192 190 1070 
8
	0  (26): 0 749 731 67 754 1063 325 423 734 729 590 1070 
	1  (0): 0 1003 1070 
	2  (6): 0 1062 1008 243 198 1070 
	3  (14): 0 465 955 603 886 527 277 95 1070 
	4  (15): 0 722 581 593 1065 464 576 109 63 1070 
	5  (12): 0 1047 384 609 455 404 556 1070 
	6  (11): 0 1066 24 542 84 742 893 1070 
9
	0  (10): 0 350 870 905 597 1051 1070 
	1  (0): 0 1043 1070 
	2  (0): 0 1000 1070 
	3  (0): 0 1049 1070 
	4  (0): 0 1045 1070 
	5  (9): 0 368 694 449 402 1011 1070 
	6  (0): 0 1024 1070 
