104	0.0	0.49	670897	653128
8 7

0
	0  (3): 0 37 106 
	1  (1): 0 104 14 106 
	2  (3): 0 101 68 39 106 
	3  (0): 0 85 106 
	4  (0): 0 59 106 
	5  (9): 0 105 42 36 5 24 106 
	6  (0): 0 60 106 
1
	0  (3): 0 33 21 91 106 
	1  (2): 0 64 11 106 
	2  (1): 0 48 80 106 
	3  (0): 0 81 106 
	4  (3): 0 30 74 106 
	5  (3): 0 76 32 106 
	6  (2): 0 67 35 106 
2
	0  (0): 0 92 106 
	1  (0): 0 89 106 
	2  (0): 0 75 106 
	3  (0): 0 94 106 
	4  (2): 0 88 46 106 
	5  (4): 0 53 20 4 106 
	6  (3): 0 34 95 106 
3
	0  (0): 0 86 106 
	1  (0): 0 61 106 
	2  (8): 0 100 29 25 8 106 
	3  (0): 0 99 106 
	4  (6): 0 98 7 26 47 106 
	5  (0): 0 96 106 
	6  (0): 0 90 106 
4
	0  (1): 0 55 2 106 
	1  (0): 0 87 106 
	2  (0): 0 70 106 
	3  (0): 0 52 106 
	4  (0): 0 69 106 
	5  (5): 0 6 50 9 106 
	6  (0): 0 77 106 
5
	0  (4): 0 27 41 102 106 
	1  (0): 0 97 106 
	2  (0): 0 58 106 
	3  (0): 0 103 106 
	4  (0): 0 82 106 
	5  (5): 0 45 73 1 16 106 
	6  (1): 0 72 13 106 
6
	0  (2): 0 12 66 106 
	1  (0): 0 84 106 
	2  (0): 0 63 54 106 
	3  (0): 0 65 106 
	4  (5): 0 23 19 106 
	5  (2): 0 71 10 106 
	6  (6): 0 31 49 57 38 106 
7
	0  (5): 0 51 28 18 106 
	1  (8): 0 78 44 40 43 22 106 
	2  (0): 0 79 106 
	3  (2): 0 83 15 106 
	4  (0): 0 62 106 
	5  (3): 0 17 56 106 
	6  (2): 0 3 93 106 
