84	0.7237196765498646	10808.6	3756845	3727570
2 7

0
	0  (40): 0 51 57 451 278 436 88 16 489 60 249 325 142 220 161 298 514 
	1  (25): 0 486 346 292 501 491 43 461 73 190 25 326 159 200 514 
	2  (24): 0 269 124 104 337 440 509 134 393 176 126 514 
	3  (24): 0 406 67 71 75 120 508 223 187 492 443 371 106 6 514 
	4  (30): 0 324 44 417 297 94 273 511 302 392 47 245 425 514 
	5  (21): 0 136 433 505 419 28 82 180 318 76 514 
	6  (27): 0 184 279 499 354 303 422 506 311 364 69 460 514 
1
	0  (27): 0 244 168 475 138 323 513 462 310 128 369 386 514 
	1  (28): 0 219 77 363 243 510 403 320 111 401 315 153 424 514 
	2  (23): 0 11 59 204 488 36 327 500 382 390 17 514 
	3  (33): 0 429 225 265 196 85 133 181 416 115 490 118 313 514 
	4  (23): 0 286 97 374 503 455 65 98 198 131 293 514 
	5  (32): 0 272 340 238 299 319 412 271 92 498 139 459 478 53 132 274 514 
	6  (27): 0 304 447 102 391 228 353 512 441 213 72 257 514 
