104	0.0	0.75	1066949	1041810
10 7

0
	0  (3): 0 34 91 120 
	1  (0): 0 107 120 
	2  (4): 0 6 18 110 120 
	3  (0): 0 103 120 
	4  (0): 0 109 120 
	5  (5): 0 7 40 47 80 120 
	6  (0): 0 56 120 
1
	0  (3): 0 98 39 120 
	1  (7): 0 42 29 14 95 120 
	2  (0): 0 79 120 
	3  (0): 0 65 120 
	4  (0): 0 102 120 
	5  (0): 0 105 120 
	6  (7): 0 28 1 22 86 120 
2
	0  (0): 0 87 120 
	1  (0): 0 64 120 
	2  (5): 0 69 2 19 46 120 
	3  (5): 0 72 43 27 120 
	4  (6): 0 25 23 60 120 
	5  (0): 0 68 120 
	6  (0): 0 70 120 
3
	0  (3): 0 57 37 120 
	1  (3): 0 51 17 120 
	2  (2): 0 61 3 120 
	3  (0): 0 71 120 
	4  (0): 0 73 120 
	5  (0): 0 77 120 
	6  (0): 0 85 120 
4
	0  (0): 0 52 120 
	1  (0): 0 100 120 
	2  (0): 0 63 53 120 
	3  (0): 0 120 
	4  (0): 0 81 120 
	5  (0): 0 104 120 
	6  (0): 0 59 120 
5
	0  (9): 0 33 32 12 30 120 
	1  (0): 0 67 120 
	2  (0): 0 108 120 
	3  (0): 0 93 120 
	4  (1): 0 54 117 4 120 
	5  (0): 0 115 120 
	6  (0): 0 66 120 
6
	0  (0): 0 114 120 
	1  (0): 0 116 120 
	2  (2): 0 13 24 75 120 
	3  (1): 0 90 48 120 
	4  (0): 0 92 120 
	5  (6): 0 97 10 49 31 120 
	6  (0): 0 94 120 
7
	0  (1): 0 83 41 88 120 
	1  (0): 0 111 120 
	2  (0): 0 120 
	3  (4): 0 119 15 44 120 
	4  (3): 0 9 106 120 
	5  (2): 0 11 89 120 
	6  (0): 0 99 120 
8
	0  (4): 0 26 16 120 
	1  (0): 0 55 120 
	2  (3): 0 58 36 120 
	3  (2): 0 112 5 120 
	4  (2): 0 45 113 120 
	5  (0): 0 82 118 120 
	6  (2): 0 101 8 120 
9
	0  (2): 0 21 120 
	1  (5): 0 76 35 20 120 
	2  (0): 0 50 120 
	3  (0): 0 74 62 120 
	4  (0): 0 84 120 
	5  (0): 0 96 120 
	6  (2): 0 78 38 120 
