104	0.0	0.2	273799	264880
5 7

0
	0  (5): 0 45 21 40 85 
	1  (13): 0 49 30 73 15 18 42 85 
	2  (4): 0 82 22 13 85 
	3  (7): 0 54 38 46 27 85 
	4  (0): 0 50 85 
	5  (3): 0 33 7 70 85 
	6  (4): 0 32 14 72 67 85 
1
	0  (1): 0 2 85 
	1  (1): 0 31 76 85 
	2  (4): 0 37 1 85 
	3  (0): 0 75 52 85 
	4  (13): 0 60 17 6 25 20 47 85 
	5  (0): 0 64 51 85 
	6  (3): 0 61 28 85 
2
	0  (2): 0 77 12 85 
	1  (2): 0 59 5 85 
	2  (0): 0 84 85 
	3  (0): 0 81 85 
	4  (0): 0 58 85 
	5  (0): 0 80 85 
	6  (0): 0 83 85 
3
	0  (1): 0 65 41 85 
	1  (3): 0 29 74 85 
	2  (4): 0 63 43 26 85 
	3  (11): 0 78 9 44 34 39 85 
	4  (0): 0 79 85 
	5  (0): 0 57 85 
	6  (1): 0 62 4 85 
4
	0  (1): 0 48 53 85 
	1  (2): 0 19 69 85 
	2  (0): 0 66 85 
	3  (4): 0 3 71 35 85 
	4  (7): 0 56 10 36 11 85 
	5  (8): 0 24 16 23 8 68 85 
	6  (0): 0 55 85 
