217	0.0	1013.41	193235	188370
2 7

0
	0  (13): 0 12 103 45 19 56 91 47 75 114 
	1  (15): 0 80 39 102 86 74 25 98 58 114 
	2  (27): 0 9 72 42 71 107 7 11 36 85 26 22 114 
	3  (18): 0 18 82 99 29 105 57 60 97 114 
	4  (21): 0 20 23 15 61 55 113 10 53 77 114 
	5  (4): 0 27 110 54 114 
	6  (17): 0 1 4 108 67 38 96 70 30 49 114 
1
	0  (16): 0 21 2 5 93 48 90 52 89 24 114 
	1  (17): 0 64 44 76 41 50 84 100 35 6 114 
	2  (20): 0 13 87 16 46 88 69 112 43 28 81 114 
	3  (8): 0 104 3 109 73 8 51 114 
	4  (20): 0 59 63 31 37 78 66 101 33 94 92 32 114 
	5  (11): 0 14 17 106 34 79 62 114 
	6  (10): 0 68 95 111 40 65 83 114 
