101	0.0005262234695667427	249.36	676889	653128
8 7

0
	0  (15): 0 44 10 49 24 15 97 20 8 106 
	1  (7): 0 4 74 23 25 106 
	2  (8): 0 12 13 86 19 37 106 
	3  (5): 0 87 2 11 7 106 
	4  (13): 0 1 39 29 36 45 40 79 106 
	5  (9): 0 33 9 42 58 35 106 
	6  (4): 0 46 50 18 106 
1
	0  (10): 0 32 90 21 27 43 106 
	1  (3): 0 22 68 106 
	2  (2): 0 5 64 106 
	3  (2): 0 75 6 106 
	4  (5): 0 41 48 55 30 106 
	5  (0): 0 88 106 
	6  (2): 0 47 93 106 
2
	0  (4): 0 31 80 34 106 
	1  (0): 0 71 106 
	2  (0): 0 59 106 
	3  (0): 0 91 52 106 
	4  (2): 0 38 106 
	5  (0): 0 96 106 
	6  (0): 0 73 106 
3
	0  (0): 0 103 106 
	1  (3): 0 28 53 106 
	2  (0): 0 66 106 
	3  (0): 0 92 106 
	4  (0): 0 106 
	5  (0): 0 104 106 
	6  (0): 0 98 67 106 
4
	0  (2): 0 26 102 106 
	1  (0): 0 100 106 
	2  (0): 0 56 106 
	3  (0): 0 81 106 
	4  (1): 0 14 72 106 
	5  (0): 0 99 106 
	6  (0): 0 70 106 
5
	0  (2): 0 82 62 3 106 
	1  (0): 0 69 106 
	2  (0): 0 106 
	3  (0): 0 106 
	4  (0): 0 77 106 
	5  (0): 0 63 83 106 
	6  (0): 0 78 106 
6
	0  (0): 0 76 106 
	1  (0): 0 61 106 
	2  (0): 0 89 106 
	3  (0): 0 54 65 106 
	4  (0): 0 84 106 
	5  (0): 0 85 106 
	6  (0): 0 106 
7
	0  (0): 0 105 106 
	1  (2): 0 16 57 106 
	2  (0): 0 101 106 
	3  (0): 0 51 106 
	4  (0): 0 94 106 
	5  (0): 0 95 106 
	6  (0): 0 60 106 
