0	inf	10843.79	62862647	62684328
8 7

0
	0  (0): 0 1008 1056 
	1  (0): 0 1037 1056 
	2  (0): 0 1047 1056 
	3  (0): 0 1000 1056 
	4  (0): 0 1029 1056 
	5  (0): 0 1024 1056 
	6  (0): 0 1036 1056 
1
	0  (0): 0 1038 1056 
	1  (0): 0 1014 1056 
	2  (0): 0 1040 1056 
	3  (0): 0 1018 1056 
	4  (0): 0 1025 1056 
	5  (0): 0 1005 1056 
	6  (0): 0 1043 1056 
2
	0  (0): 0 1021 1056 
	1  (0): 0 1046 1056 
	2  (0): 0 1009 1056 
	3  (0): 0 1041 1023 1056 
	4  (0): 0 1002 1056 
	5  (0): 0 1056 
	6  (0): 0 1030 1056 
3
	0  (0): 0 1056 
	1  (0): 0 1003 1017 1056 
	2  (0): 0 1053 1056 
	3  (0): 0 1016 1056 
	4  (0): 0 1054 1056 
	5  (0): 0 1042 1056 
	6  (0): 0 1048 1056 
4
	0  (0): 0 1020 1056 
	1  (0): 0 1031 1056 
	2  (0): 0 1049 1056 
	3  (0): 0 1052 1056 
	4  (0): 0 1006 1056 
	5  (0): 0 1050 1056 
	6  (0): 0 1022 1056 
5
	0  (0): 0 1013 1056 
	1  (0): 0 1028 1056 
	2  (0): 0 1033 1056 
	3  (0): 0 1032 1056 
	4  (0): 0 1027 1056 
	5  (0): 0 1012 1056 
	6  (0): 0 1019 1056 
6
	0  (0): 0 1034 1056 
	1  (0): 0 1039 1056 
	2  (0): 0 1056 
	3  (0): 0 1011 1056 
	4  (0): 0 1035 1056 
	5  (0): 0 1004 1056 
	6  (0): 0 1026 1015 1056 
7
	0  (0): 0 1055 1056 
	1  (0): 0 1010 1056 
	2  (0): 0 1045 1056 
	3  (0): 0 1044 1056 
	4  (0): 0 1051 1056 
	5  (0): 0 1001 1056 
	6  (0): 0 1007 1056 
