104	0.0	620.6	1075419	1041810
10 7

0
	0  (0): 0 120 
	1  (10): 0 35 25 45 107 17 120 
	2  (7): 0 38 108 42 26 120 
	3  (7): 0 41 36 30 60 114 120 
	4  (2): 0 3 102 120 
	5  (9): 0 117 21 24 27 34 120 
	6  (0): 0 69 120 
1
	0  (0): 0 111 120 
	1  (3): 0 9 120 
	2  (0): 0 109 120 
	3  (4): 0 33 49 110 120 
	4  (0): 0 66 120 
	5  (5): 0 83 6 40 8 120 
	6  (0): 0 62 73 120 
2
	0  (4): 0 43 119 16 120 
	1  (3): 0 22 120 
	2  (0): 0 118 120 
	3  (0): 0 86 120 
	4  (0): 0 100 120 
	5  (2): 0 12 54 120 
	6  (3): 0 32 56 67 120 
3
	0  (0): 0 91 82 120 
	1  (0): 0 81 88 120 
	2  (0): 0 105 120 
	3  (0): 0 120 
	4  (0): 0 120 
	5  (0): 0 79 59 120 
	6  (0): 0 120 
4
	0  (1): 0 98 48 120 
	1  (2): 0 44 85 120 
	2  (0): 0 76 77 120 
	3  (3): 0 29 89 120 
	4  (0): 0 57 120 
	5  (5): 0 20 19 120 
	6  (0): 0 80 120 
5
	0  (3): 0 104 23 120 
	1  (2): 0 10 51 120 
	2  (0): 0 68 120 
	3  (2): 0 7 106 120 
	4  (0): 0 63 120 
	5  (1): 0 14 87 120 
	6  (0): 0 90 120 
6
	0  (0): 0 52 92 120 
	1  (4): 0 46 1 4 120 
	2  (0): 0 75 120 
	3  (3): 0 70 15 2 120 
	4  (3): 0 84 31 47 120 
	5  (3): 0 28 103 120 
	6  (0): 0 55 120 
7
	0  (0): 0 120 
	1  (0): 0 72 120 
	2  (0): 0 94 120 
	3  (0): 0 64 120 
	4  (4): 0 71 13 37 120 
	5  (0): 0 65 78 120 
	6  (2): 0 96 5 120 
8
	0  (0): 0 97 120 
	1  (0): 0 115 120 
	2  (0): 0 113 120 
	3  (0): 0 112 58 120 
	4  (0): 0 120 
	5  (2): 0 11 116 120 
	6  (0): 0 53 120 
9
	0  (0): 0 95 120 
	1  (3): 0 39 74 120 
	2  (0): 0 93 120 
	3  (0): 0 61 120 
	4  (0): 0 50 120 
	5  (2): 0 18 101 120 
	6  (0): 0 99 120 
