848	0.36556603773584423	10802.11	10149499	10092880
5 7

0
	0  (34): 0 238 147 78 85 192 346 139 353 126 358 306 450 67 535 
	1  (26): 0 468 381 74 243 533 3 50 360 176 402 165 535 
	2  (21): 0 359 200 471 522 99 28 385 293 498 103 535 
	3  (25): 0 33 226 279 164 365 272 114 506 355 148 228 535 
	4  (21): 0 141 473 374 143 437 529 329 162 517 17 177 336 535 
	5  (24): 0 136 330 6 163 518 213 326 373 395 483 535 
	6  (26): 0 118 79 527 26 101 237 186 36 220 73 432 535 
1
	0  (36): 0 108 398 386 100 411 469 323 482 448 37 234 198 52 442 535 
	1  (32): 0 324 42 504 347 137 131 407 9 221 300 25 475 444 535 
	2  (25): 0 120 116 508 362 66 276 480 56 27 366 302 494 535 
	3  (24): 0 267 51 185 514 117 212 145 210 433 370 535 
	4  (25): 0 416 60 334 72 500 311 249 49 481 440 426 535 
	5  (15): 0 191 439 530 208 521 179 298 175 535 
	6  (23): 0 271 273 125 447 199 534 129 446 352 128 535 
2
	0  (27): 0 215 29 340 299 368 511 122 44 232 88 314 351 535 
	1  (31): 0 214 375 46 288 438 520 387 364 491 98 104 392 295 535 
	2  (30): 0 69 231 464 497 219 123 34 269 441 188 307 244 535 
	3  (26): 0 7 202 140 509 160 230 55 409 397 342 376 535 
	4  (21): 0 401 95 428 507 459 421 38 201 13 77 535 
	5  (15): 0 62 63 458 528 513 90 282 285 535 
	6  (18): 0 229 341 130 417 261 501 423 535 
3
	0  (23): 0 5 187 181 443 135 524 257 172 109 369 415 535 
	1  (15): 0 388 256 113 255 525 456 270 217 535 
	2  (13): 0 429 380 505 531 338 64 313 535 
	3  (21): 0 119 86 216 35 519 19 343 239 280 81 476 535 
	4  (38): 0 43 462 253 250 247 287 68 184 493 18 312 16 22 399 354 14 535 
	5  (18): 0 142 281 474 40 174 532 97 382 207 535 
	6  (30): 0 223 241 515 260 389 488 384 283 206 222 8 356 168 535 
4
	0  (28): 0 485 59 310 166 30 12 512 367 154 304 94 153 535 
	1  (25): 0 308 224 152 196 453 502 430 124 127 4 171 173 11 535 
	2  (18): 0 445 133 264 465 526 112 195 424 535 
	3  (17): 0 357 132 211 361 379 510 339 102 413 535 
	4  (28): 0 320 337 305 427 167 516 318 157 189 478 383 535 
	5  (27): 0 419 289 23 405 246 178 523 265 227 414 452 61 406 535 
	6  (22): 0 121 317 20 190 503 296 182 391 410 87 535 
