104	0.0	106.96	276809	264880
5 7

0
	0  (9): 0 31 30 35 68 42 85 
	1  (16): 0 48 15 79 22 11 19 9 29 85 
	2  (3): 0 2 8 85 
	3  (15): 0 32 17 47 10 56 3 37 85 
	4  (6): 0 24 45 16 83 67 41 85 
	5  (6): 0 77 36 23 85 
	6  (8): 0 46 7 72 12 6 85 
1
	0  (3): 0 34 85 
	1  (4): 0 40 84 20 85 
	2  (4): 0 27 50 4 85 
	3  (4): 0 58 5 18 85 
	4  (2): 0 44 64 85 
	5  (0): 0 80 71 85 
	6  (1): 0 33 54 85 
2
	0  (0): 0 78 63 85 
	1  (0): 0 57 85 
	2  (3): 0 39 70 85 
	3  (2): 0 61 21 85 
	4  (0): 0 59 85 
	5  (0): 0 51 85 
	6  (1): 0 14 85 
3
	0  (3): 0 28 65 82 85 
	1  (3): 0 25 55 81 85 
	2  (3): 0 74 49 85 
	3  (2): 0 43 85 
	4  (0): 0 75 85 
	5  (4): 0 38 26 85 
	6  (1): 0 13 69 85 
4
	0  (0): 0 62 85 
	1  (0): 0 66 85 
	2  (0): 0 52 85 
	3  (0): 0 76 85 
	4  (0): 0 73 85 
	5  (1): 0 60 1 85 
	6  (0): 0 53 85 
