-7000	inf	10836.31	23062869	22902810
10 7

0
	0  (0): 0 570 
	1  (0): 0 570 
	2  (0): 0 570 
	3  (0): 0 570 
	4  (0): 0 570 
	5  (0): 0 570 
	6  (0): 0 570 
1
	0  (0): 0 570 
	1  (0): 0 570 
	2  (0): 0 570 
	3  (0): 0 570 
	4  (0): 0 570 
	5  (0): 0 570 
	6  (0): 0 570 
2
	0  (0): 0 570 
	1  (0): 0 570 
	2  (0): 0 570 
	3  (0): 0 570 
	4  (0): 0 570 
	5  (0): 0 570 
	6  (0): 0 570 
3
	0  (0): 0 570 
	1  (0): 0 570 
	2  (0): 0 570 
	3  (0): 0 570 
	4  (0): 0 570 
	5  (0): 0 570 
	6  (0): 0 570 
4
	0  (0): 0 570 
	1  (0): 0 570 
	2  (0): 0 570 
	3  (0): 0 570 
	4  (0): 0 570 
	5  (0): 0 570 
	6  (0): 0 570 
5
	0  (0): 0 570 
	1  (0): 0 570 
	2  (0): 0 570 
	3  (0): 0 570 
	4  (0): 0 570 
	5  (0): 0 570 
	6  (0): 0 570 
6
	0  (0): 0 570 
	1  (0): 0 570 
	2  (0): 0 570 
	3  (0): 0 570 
	4  (0): 0 570 
	5  (0): 0 570 
	6  (0): 0 570 
7
	0  (0): 0 570 
	1  (0): 0 570 
	2  (0): 0 570 
	3  (0): 0 570 
	4  (0): 0 570 
	5  (0): 0 570 
	6  (0): 0 570 
8
	0  (0): 0 570 
	1  (0): 0 570 
	2  (0): 0 570 
	3  (0): 0 570 
	4  (0): 0 570 
	5  (0): 0 570 
	6  (0): 0 570 
9
	0  (0): 0 570 
	1  (0): 0 570 
	2  (0): 0 570 
	3  (0): 0 570 
	4  (0): 0 570 
	5  (0): 0 570 
	6  (0): 0 570 
