447	0.0007600709399543957	2272.38	1998959	1965880
5 7

0
	0  (16): 0 170 19 15 140 206 97 50 131 235 
	1  (17): 0 120 195 143 218 173 56 130 119 235 
	2  (13): 0 12 229 55 75 174 11 65 235 
	3  (12): 0 32 118 222 91 69 182 235 
	4  (9): 0 227 177 217 198 141 76 235 
	5  (14): 0 8 40 233 168 58 60 157 117 235 
	6  (20): 0 34 27 62 16 115 156 137 165 163 235 
1
	0  (8): 0 230 221 46 51 52 235 
	1  (14): 0 99 71 10 214 24 124 7 235 
	2  (13): 0 57 200 183 142 43 5 73 235 
	3  (14): 0 93 67 22 234 162 54 82 41 235 
	4  (23): 0 44 68 208 85 126 189 154 29 6 192 235 
	5  (9): 0 204 9 122 66 235 
	6  (17): 0 107 30 112 81 178 87 145 42 181 235 
2
	0  (10): 0 153 128 111 171 152 213 235 
	1  (15): 0 48 59 36 228 106 166 14 108 110 235 
	2  (6): 0 20 207 2 35 235 
	3  (16): 0 164 139 138 151 74 201 92 235 
	4  (10): 0 133 150 220 84 28 235 
	5  (10): 0 169 186 179 187 209 161 235 
	6  (20): 0 175 102 188 196 88 211 114 101 235 
3
	0  (7): 0 13 80 37 95 232 235 
	1  (10): 0 121 167 219 89 159 83 235 
	2  (12): 0 25 215 158 190 79 193 235 
	3  (17): 0 72 180 109 225 45 103 4 113 235 
	4  (14): 0 23 205 104 197 147 3 26 235 
	5  (12): 0 39 224 185 144 53 235 
	6  (10): 0 176 64 49 33 231 235 
4
	0  (8): 0 31 94 96 61 210 235 
	1  (11): 0 1 172 216 63 77 160 235 
	2  (5): 0 194 202 184 235 
	3  (17): 0 90 199 146 226 78 127 17 191 235 
	4  (12): 0 134 135 129 212 155 125 21 235 
	5  (16): 0 38 116 98 148 223 136 18 70 235 
	6  (10): 0 47 100 123 203 132 86 235 
