1102	0.05081669691469538	10825.51	17530147	17436328
8 7

0
	0  (22): 0 478 261 289 272 131 462 144 397 547 490 182 556 
	1  (24): 0 44 235 285 227 176 508 170 392 142 16 556 
	2  (18): 0 232 279 361 92 280 299 500 207 183 119 86 556 
	3  (17): 0 317 13 482 7 524 434 318 406 134 556 
	4  (16): 0 66 218 296 537 258 93 421 273 59 556 
	5  (23): 0 297 83 132 347 252 337 536 364 90 358 556 
	6  (31): 0 386 126 469 146 104 332 234 206 529 122 324 336 556 
1
	0  (27): 0 432 453 282 407 226 505 483 224 430 302 64 24 177 556 
	1  (30): 0 71 468 538 113 375 265 314 148 136 79 342 321 556 
	2  (20): 0 470 498 424 543 114 458 338 233 164 188 178 556 
	3  (15): 0 81 169 11 518 158 21 162 556 
	4  (16): 0 493 525 195 80 29 200 30 399 556 
	5  (20): 0 408 173 467 250 514 157 372 489 256 395 556 
	6  (17): 0 429 5 365 540 228 204 25 286 556 
2
	0  (14): 0 199 357 541 82 491 523 440 61 556 
	1  (21): 0 350 149 269 156 41 300 546 190 60 442 441 556 
	2  (18): 0 275 352 312 371 502 412 35 320 181 556 
	3  (18): 0 87 481 187 284 530 70 185 323 33 400 98 556 
	4  (24): 0 368 75 521 319 124 415 167 327 346 454 414 452 556 
	5  (24): 0 380 326 488 180 211 509 9 444 117 221 556 
	6  (31): 0 78 499 362 360 328 72 404 46 313 389 394 246 23 556 
3
	0  (8): 0 292 388 155 542 517 331 475 556 
	1  (25): 0 293 91 51 14 503 416 229 433 308 428 374 385 556 
	2  (13): 0 241 304 516 27 359 37 556 
	3  (23): 0 43 484 8 411 427 62 553 419 189 6 140 377 556 
	4  (18): 0 409 548 343 426 118 198 303 413 556 
	5  (34): 0 417 466 401 403 410 369 225 477 196 354 383 212 76 556 
	6  (19): 0 223 455 49 133 243 554 215 425 556 
4
	0  (20): 0 77 95 550 230 247 366 335 231 278 556 
	1  (20): 0 106 191 99 420 549 471 57 96 50 145 556 
	2  (23): 0 147 121 437 485 552 28 353 85 457 283 556 
	3  (20): 0 4 451 184 309 522 109 418 137 382 556 
	4  (16): 0 214 128 52 202 316 506 74 556 
	5  (25): 0 1 217 370 100 340 32 531 381 398 248 341 556 
	6  (20): 0 130 463 520 245 108 55 393 259 201 556 
5
	0  (17): 0 141 330 263 396 528 449 281 345 556 
	1  (21): 0 379 402 513 216 15 151 305 287 268 351 556 
	2  (18): 0 174 307 445 322 519 267 456 192 556 
	3  (10): 0 69 168 532 533 238 240 276 556 
	4  (17): 0 56 476 63 310 120 512 40 107 116 165 556 
	5  (29): 0 495 494 123 237 127 193 384 111 19 159 105 67 329 556 
	6  (20): 0 58 527 301 306 253 294 175 239 556 
6
	0  (13): 0 65 45 492 3 161 511 480 367 556 
	1  (18): 0 315 102 288 244 539 266 153 325 556 
	2  (19): 0 431 88 339 373 534 473 254 68 179 556 
	3  (19): 0 22 194 438 20 450 535 135 36 460 556 
	4  (22): 0 222 31 526 443 249 47 257 422 53 84 447 556 
	5  (12): 0 334 143 472 150 73 54 515 138 556 
	6  (20): 0 387 103 504 125 220 101 2 205 152 203 556 
7
	0  (9): 0 172 501 423 439 556 
	1  (15): 0 333 376 459 510 262 255 290 556 
	2  (20): 0 461 448 219 355 555 160 405 112 311 556 
	3  (20): 0 348 277 474 18 251 507 12 42 497 89 556 
	4  (17): 0 464 166 213 479 544 496 486 10 139 556 
	5  (16): 0 97 171 274 551 115 236 465 344 295 556 
	6  (20): 0 391 298 208 154 271 446 545 349 556 
