446	0.008968609865470852	4.31	5235599	5178810
10 7

0
	0  (13): 0 140 192 260 52 5 162 270 
	1  (3): 0 91 206 43 241 270 
	2  (5): 0 253 46 65 270 
	3  (18): 0 186 151 134 147 187 101 160 270 
	4  (0): 0 257 270 
	5  (5): 0 89 175 259 270 
	6  (10): 0 198 107 50 165 117 230 270 
1
	0  (8): 0 67 130 180 215 270 
	1  (18): 0 171 42 36 255 20 111 86 128 75 270 
	2  (10): 0 196 1 248 191 4 11 270 
	3  (11): 0 169 122 27 252 146 270 
	4  (1): 0 197 245 270 
	5  (8): 0 55 92 12 236 8 270 
	6  (0): 0 229 270 
2
	0  (3): 0 210 72 270 
	1  (10): 0 102 177 173 139 63 218 270 
	2  (16): 0 57 109 153 34 237 141 90 270 
	3  (2): 0 222 214 15 270 
	4  (6): 0 24 161 133 270 
	5  (3): 0 220 185 270 
	6  (2): 0 219 182 270 
3
	0  (3): 0 201 168 159 270 
	1  (10): 0 227 78 88 184 23 270 
	2  (5): 0 223 195 87 270 
	3  (7): 0 3 2 221 121 18 270 
	4  (3): 0 235 124 270 
	5  (0): 0 211 270 
	6  (11): 0 53 183 207 48 98 68 270 
4
	0  (11): 0 60 103 135 157 270 
	1  (10): 0 110 85 113 213 203 158 270 
	2  (10): 0 95 17 209 28 35 270 
	3  (1): 0 231 14 270 
	4  (8): 0 148 6 97 83 250 270 
	5  (9): 0 254 114 16 167 33 270 
	6  (2): 0 81 202 270 
5
	0  (12): 0 77 243 59 188 127 145 270 
	1  (4): 0 174 265 150 270 
	2  (4): 0 119 120 204 270 
	3  (12): 0 178 137 126 118 82 270 
	4  (5): 0 166 216 267 76 270 
	5  (2): 0 217 21 270 
	6  (5): 0 258 61 172 270 
6
	0  (16): 0 144 240 62 49 30 105 54 26 270 
	1  (6): 0 131 163 264 10 270 
	2  (7): 0 38 104 244 108 270 
	3  (0): 0 242 270 
	4  (6): 0 247 99 56 270 
	5  (16): 0 155 132 266 106 181 32 152 66 270 
	6  (3): 0 225 125 270 
7
	0  (5): 0 39 156 73 238 270 
	1  (5): 0 269 129 112 44 270 
	2  (7): 0 256 45 37 143 270 
	3  (8): 0 176 96 51 249 270 
	4  (4): 0 40 233 142 270 
	5  (14): 0 58 179 149 100 199 239 7 138 270 
	6  (5): 0 261 70 136 270 
8
	0  (14): 0 71 64 232 25 190 47 270 
	1  (1): 0 93 270 
	2  (2): 0 123 31 208 270 
	3  (3): 0 268 94 270 
	4  (3): 0 164 251 263 270 
	5  (5): 0 262 22 116 270 
	6  (3): 0 13 205 84 270 
9
	0  (5): 0 41 79 226 194 270 
	1  (0): 0 228 270 
	2  (4): 0 170 193 270 
	3  (8): 0 115 29 9 200 270 
	4  (3): 0 246 154 270 
	5  (2): 0 224 19 212 270 
	6  (5): 0 189 74 234 270 
