448	0.004464285714285714	3.14	3770647	3727528
8 7

0
	0  (20): 0 128 194 151 32 209 132 141 63 59 256 
	1  (5): 0 255 161 19 75 256 
	2  (0): 0 235 256 
	3  (0): 0 254 256 
	4  (0): 0 251 218 256 
	5  (30): 0 2 190 42 156 64 113 197 142 133 92 175 109 89 256 
	6  (12): 0 70 210 168 119 10 199 187 21 256 
1
	0  (0): 0 214 256 
	1  (0): 0 224 256 
	2  (17): 0 154 76 49 29 135 130 230 256 
	3  (14): 0 25 83 52 177 48 85 226 18 256 
	4  (9): 0 16 115 55 217 45 256 
	5  (2): 0 231 131 256 
	6  (7): 0 90 87 193 91 241 256 
2
	0  (6): 0 172 118 245 256 
	1  (11): 0 242 30 81 196 23 256 
	2  (11): 0 7 9 145 124 96 225 256 
	3  (10): 0 203 191 51 108 1 80 256 
	4  (0): 0 244 256 
	5  (15): 0 148 112 166 31 239 8 176 14 143 256 
	6  (12): 0 238 39 165 171 36 106 256 
3
	0  (0): 0 236 246 256 
	1  (0): 0 211 256 
	2  (13): 0 34 250 157 160 97 43 256 
	3  (2): 0 240 163 256 
	4  (12): 0 46 126 33 24 95 249 114 256 
	5  (24): 0 129 71 50 78 56 82 104 86 94 181 123 256 
	6  (15): 0 54 61 40 60 248 150 137 93 120 256 
4
	0  (0): 0 237 256 
	1  (10): 0 53 57 105 15 200 256 
	2  (0): 0 202 256 
	3  (10): 0 158 38 219 73 110 66 256 
	4  (12): 0 17 117 68 12 3 205 256 
	5  (0): 0 227 256 
	6  (19): 0 164 67 178 4 62 103 169 220 167 256 
5
	0  (7): 0 208 58 127 26 256 
	1  (14): 0 74 195 28 44 162 252 256 
	2  (3): 0 247 253 152 84 256 
	3  (10): 0 6 159 170 223 185 256 
	4  (27): 0 173 100 5 47 146 35 111 20 144 107 153 99 256 
	5  (15): 0 198 192 189 184 11 186 222 256 
	6  (0): 0 232 256 
6
	0  (20): 0 22 136 102 72 180 65 122 215 256 
	1  (1): 0 155 204 256 
	2  (11): 0 213 41 179 13 37 138 116 256 
	3  (13): 0 125 140 98 27 183 216 256 
	4  (4): 0 234 174 134 256 
	5  (0): 0 221 256 
	6  (0): 0 207 256 
7
	0  (0): 0 228 256 
	1  (0): 0 212 256 
	2  (0): 0 233 256 
	3  (10): 0 147 88 139 149 229 256 
	4  (9): 0 206 79 121 77 188 256 
	5  (3): 0 101 201 256 
	6  (3): 0 69 243 256 
