-3500	inf	10811.75	10168259	10092880
5 7

0
	0  (0): 0 535 
	1  (0): 0 535 
	2  (0): 0 535 
	3  (0): 0 535 
	4  (0): 0 535 
	5  (0): 0 535 
	6  (0): 0 535 
1
	0  (0): 0 535 
	1  (0): 0 535 
	2  (0): 0 535 
	3  (0): 0 535 
	4  (0): 0 535 
	5  (0): 0 535 
	6  (0): 0 535 
2
	0  (0): 0 535 
	1  (0): 0 535 
	2  (0): 0 535 
	3  (0): 0 535 
	4  (0): 0 535 
	5  (0): 0 535 
	6  (0): 0 535 
3
	0  (0): 0 535 
	1  (0): 0 535 
	2  (0): 0 535 
	3  (0): 0 535 
	4  (0): 0 535 
	5  (0): 0 535 
	6  (0): 0 535 
4
	0  (0): 0 535 
	1  (0): 0 535 
	2  (0): 0 535 
	3  (0): 0 535 
	4  (0): 0 535 
	5  (0): 0 535 
	6  (0): 0 535 
