376	5.122340425531915	10835.74	80668399	80442810
10 7

0
	0  (16): 0 531 651 383 135 1059 761 216 63 485 1070 
	1  (18): 0 1006 686 636 813 85 734 181 1070 
	2  (9): 0 682 268 871 256 1060 1070 
	3  (11): 0 1057 888 249 815 159 561 1070 
	4  (0): 0 1030 1070 
	5  (23): 0 1 926 391 649 62 409 653 840 1041 372 499 350 1070 
	6  (15): 0 1053 342 400 904 196 754 143 1070 
1
	0  (10): 0 988 659 887 230 1015 1070 
	1  (0): 0 1029 1070 
	2  (16): 0 259 218 502 947 474 322 843 1036 1070 
	3  (13): 0 581 816 193 489 547 825 741 1048 1070 
	4  (7): 0 461 382 317 1045 1070 
	5  (0): 0 1055 1070 
	6  (0): 0 1052 1070 
2
	0  (6): 0 1018 997 590 1070 
	1  (0): 0 1070 
	2  (0): 0 1010 1070 
	3  (11): 0 1019 520 205 142 516 860 1070 
	4  (11): 0 1037 375 496 431 714 1070 
	5  (12): 0 1020 580 893 634 283 1070 
	6  (6): 0 1022 1014 732 209 270 1070 
3
	0  (7): 0 1023 992 426 192 308 1070 
	1  (0): 0 1027 1070 
	2  (0): 0 1021 1070 
	3  (9): 0 1035 46 172 481 419 1070 
	4  (16): 0 1001 197 297 441 725 156 598 21 1070 
	5  (7): 0 1007 980 28 645 946 1070 
	6  (0): 0 1011 1070 
4
	0  (14): 0 442 225 271 984 924 1031 1070 
	1  (5): 0 353 971 1054 1003 1070 
	2  (0): 0 1070 
	3  (0): 0 1009 1070 
	4  (7): 0 97 60 323 1013 1070 
	5  (4): 0 389 577 1050 1070 
	6  (0): 0 1002 1070 
5
	0  (9): 0 856 970 126 1004 1070 
	1  (4): 0 560 836 1016 1067 1070 
	2  (0): 0 1070 
	3  (0): 0 1017 1070 
	4  (0): 0 1065 1070 
	5  (10): 0 661 618 658 475 1058 1070 
	6  (0): 0 1043 1070 
6
	0  (0): 0 1042 1070 
	1  (0): 0 1044 1070 
	2  (0): 0 1064 1070 
	3  (0): 0 1025 1070 
	4  (0): 0 1047 1070 
	5  (0): 0 1040 1070 
	6  (0): 0 1066 1070 
7
	0  (9): 0 162 535 51 1033 1070 
	1  (0): 0 1056 1070 
	2  (0): 0 1039 1070 
	3  (0): 0 1069 1070 
	4  (20): 0 71 337 526 824 369 344 140 1038 1070 
	5  (0): 0 1049 1070 
	6  (0): 0 1061 1070 
8
	0  (5): 0 237 335 1051 1063 1070 
	1  (12): 0 412 358 341 694 380 1008 1070 
	2  (16): 0 176 800 901 802 782 104 1068 1070 
	3  (6): 0 896 570 1032 1070 
	4  (22): 0 146 586 27 833 927 555 48 235 376 451 1070 
	5  (1): 0 783 1005 1070 
	6  (9): 0 462 665 963 805 1062 1070 
9
	0  (0): 0 1046 1070 
	1  (0): 0 1000 1070 
	2  (0): 0 1026 1070 
	3  (0): 0 1028 1070 
	4  (0): 0 1070 
	5  (0): 0 1034 1012 1070 
	6  (0): 0 1024 1070 
